[110]   4040
[85, 110]   4040
[2]   4208
[2, 86]   4016
[85, 86, 2]   4016
[85, 34, 86, 2]   4016
[2, 34, 86]   4016
[2, 34]   4016
[85, 34, 2]   4016
[85, 2]   4208
[76]   4384
[76, 86]   4384
[85, 76, 86]   4384
[85, 34, 76, 86]   4384
[34, 76, 86]   4384
[85, 76]   4384
[85, 34, 76]   4384
[34, 76]   4384
[67]   4464
[67, 86]   4464
[85, 67, 86]   4464
[85, 34, 67, 86]   4464
[34, 67, 86]   4464
[85, 67]   4464
[85, 34, 67]   4464
[34, 67]   4464
[53]   4608
[90, 53]   4608
[90, 86, 53]   4608
[85, 86, 90, 53]   4608
[85, 34, 90, 53, 86]   4608
[90, 34, 86, 53]   4608
[85, 90, 53]   4608
[85, 34, 90, 53]   4608
[90, 34, 53]   4608
[86, 53]   4608
[85, 86, 53]   4608
[85, 34, 86, 53]   4608
[34, 86, 53]   4608
[85, 53]   4608
[85, 34, 53]   4608
[34, 53]   4608
[24]   4748
[90, 24]   4408
[90, 24, 86]   4208
[85, 24, 90, 86]   4208
[85, 34, 90, 24, 86]   4208
[90, 34, 24, 86]   4208
[90, 34, 24]   4216
[85, 34, 24, 90]   4216
[85, 24, 90]   4408
[34, 24]   4538
[34, 24, 86]   4530
[85, 34, 24, 86]   4530
[85, 34, 24]   4538
[24, 86]   4548
[85, 24, 86]   4548
[85, 24]   4748
[63]   4936
[59, 63]   4156
[85, 59, 63]   4156
[36, 63]   4184
[85, 36, 63]   4184
[90, 63]   4496
[90, 86, 63]   4304
[85, 86, 90, 63]   4304
[85, 34, 90, 63, 86]   4304
[90, 34, 86, 63]   4304
[90, 34, 63]   4304
[85, 34, 90, 63]   4304
[85, 90, 63]   4496
[86, 63]   4744
[85, 86, 63]   4744
[85, 34, 86, 63]   4744
[34, 86, 63]   4744
[34, 63]   4744
[85, 34, 63]   4744
[85, 63]   4936
[59]   5176
[36, 59]   4424
[90, 36, 59]   4128
[85, 36, 59, 90]   4128
[36, 59, 86]   4232
[85, 36, 59, 86]   4232
[85, 34, 36, 59, 86]   4232
[34, 36, 59, 86]   4232
[34, 36, 59]   4232
[85, 34, 36, 59]   4232
[85, 36, 59]   4424
[90, 59]   4736
[90, 59, 86]   4544
[85, 86, 59, 90]   4544
[85, 34, 90, 59, 86]   4544
[90, 34, 59, 86]   4544
[90, 34, 59]   4544
[85, 34, 59, 90]   4544
[85, 59, 90]   4736
[59, 86]   4984
[85, 59, 86]   4984
[85, 34, 59, 86]   4984
[34, 59, 86]   4984
[34, 59]   4984
[85, 34, 59]   4984
[85, 59]   5176
[39]   5612
[36, 39]   4556
[90, 36, 39]   4208
[90, 36, 86, 39]   4016
[85, 90, 39, 36, 86]   4016
[85, 34, 90, 39, 36, 86]   4016
[90, 34, 39, 36, 86]   4016
[90, 34, 36, 39]   4016
[85, 90, 34, 39, 36]   4016
[85, 36, 90, 39]   4208
[34, 36, 39]   4346
[34, 36, 86, 39]   4346
[85, 34, 39, 36, 86]   4346
[85, 34, 36, 39]   4346
[36, 86, 39]   4364
[85, 36, 86, 39]   4364
[85, 36, 39]   4556
[90, 39]   4976
[90, 86, 39]   4784
[85, 86, 90, 39]   4784
[85, 34, 90, 39, 86]   4784
[90, 34, 86, 39]   4784
[90, 34, 39]   4784
[85, 34, 90, 39]   4784
[85, 90, 39]   4976
[34, 39]   5402
[34, 86, 39]   5402
[85, 34, 86, 39]   5402
[85, 34, 39]   5402
[86, 39]   5420
[85, 86, 39]   5420
[85, 39]   5612
[36]   6812
[90, 36]   6464
[90, 36, 86]   6272
[85, 36, 90, 86]   6272
[85, 34, 90, 36, 86]   6272
[90, 34, 36, 86]   6272
[90, 34, 36]   6272
[85, 34, 36, 90]   6272
[85, 36, 90]   6464
[34, 36]   6602
[34, 36, 86]   6602
[85, 34, 36, 86]   6602
[85, 34, 36]   6602
[36, 86]   6620
[85, 36, 86]   6620
[85, 36]   6812
[90]   7488
[90, 86]   7288
[85, 86, 90]   7288
[85, 34, 90, 86]   7288
[90, 34, 86]   7288
[90, 34]   7296
[85, 34, 90]   7296
[85, 90]   7488
[34]   7914
[34, 86]   7906
[85, 34, 86]   7906
[85, 34]   7914
[86]   7924
[85, 86]   7924
[85]   8124
