1   3916
2   4208
3   3656
6   3152
9   2556
10   3244
11   2320
23   3376
24   4748
28   3528
34   7914
36   6812
38   2512
39   5612
52   3516
53   4608
56   3776
58   2480
59   5176
61   2372
63   4936
66   2304
67   4464
76   4384
85   8124
86   7924
90   7488
93   3968
94   2776
102   2388
110   4040
116   3148
[59, 63]   4156
[59, 67]   3304
[59, 76]   3280
[59, 85]   5176
[59, 86]   4984
[59, 90]   4736
[59, 93]   3664
[59, 110]   2400
[59, 116]   2352
[52, 85]   3516
[52, 86]   3316
[52, 90]   2880
[63, 67]   3064
[63, 76]   3040
[63, 85]   4936
[63, 86]   4744
[63, 90]   4496
[63, 93]   3472
[63, 110]   2376
[63, 116]   2304
[85, 86]   7924
[85, 90]   7488
[85, 93]   3968
[85, 94]   2776
[85, 102]   2388
[85, 110]   4040
[85, 116]   3148
[38, 85]   2512
[38, 86]   2504
[38, 90]   2512
[11, 34]   2320
[11, 85]   2320
[11, 86]   2320
[66, 85]   2304
[66, 86]   2304
[10, 34]   3226
[10, 36]   3208
[10, 85]   3244
[10, 86]   3236
[10, 90]   3052
[76, 85]   4384
[76, 86]   4384
[76, 90]   3896
[76, 93]   2608
[9, 34]   2364
[9, 85]   2556
[9, 86]   2364
[53, 59]   3216
[53, 63]   3216
[53, 67]   2592
[53, 76]   2592
[53, 85]   4608
[53, 86]   4608
[53, 90]   4608
[53, 94]   2496
[53, 110]   2832
[53, 116]   2400
[86, 90]   7288
[86, 93]   3776
[86, 94]   2768
[86, 102]   2380
[86, 110]   3944
[86, 116]   3148
[6, 34]   3098
[6, 36]   2700
[6, 39]   2316
[6, 85]   3152
[6, 86]   3102
[6, 90]   3020
[28, 34]   3336
[28, 36]   2408
[28, 39]   3288
[28, 53]   2496
[28, 59]   2920
[28, 63]   2872
[28, 85]   3528
[28, 86]   3328
[28, 90]   2928
[28, 93]   2432
[39, 52]   2828
[39, 53]   2784
[39, 56]   3432
[39, 59]   3592
[39, 63]   3400
[39, 67]   2824
[39, 76]   2824
[39, 85]   5612
[39, 86]   5420
[39, 90]   4976
[39, 93]   3320
[61, 85]   2372
[61, 86]   2372
[3, 34]   3602
[3, 36]   3016
[3, 39]   2632
[3, 59]   2376
[3, 85]   3656
[3, 86]   3608
[3, 90]   3464
[36, 39]   4556
[36, 52]   3068
[36, 53]   3744
[36, 56]   3528
[36, 59]   4424
[36, 63]   4184
[36, 67]   3160
[36, 76]   3128
[36, 85]   6812
[36, 86]   6620
[36, 90]   6464
[36, 93]   3480
[36, 110]   3848
[36, 116]   2956
[58, 85]   2480
[2, 23]   2752
[2, 28]   3408
[2, 34]   4016
[2, 36]   3008
[2, 39]   3920
[2, 53]   2592
[2, 59]   3640
[2, 63]   3400
[2, 67]   2752
[2, 76]   2704
[2, 85]   4208
[2, 86]   4016
[2, 90]   3680
[2, 93]   3152
[24, 34]   4538
[24, 36]   3540
[24, 39]   2596
[24, 53]   2496
[24, 61]   2372
[24, 66]   2304
[24, 67]   2336
[24, 85]   4748
[24, 86]   4548
[24, 90]   4408
[24, 94]   2584
[24, 110]   2720
[90, 93]   3560
[90, 94]   2584
[90, 110]   3952
[90, 116]   3104
[1, 24]   3292
[1, 34]   3898
[1, 36]   3804
[1, 85]   3916
[1, 86]   3908
[1, 90]   3808
[1, 110]   2848
[23, 34]   3376
[23, 36]   3272
[23, 39]   3016
[23, 59]   3232
[23, 63]   3040
[23, 85]   3376
[23, 86]   3376
[23, 90]   3080
[23, 93]   3184
[34, 36]   6602
[34, 38]   2512
[34, 39]   5402
[34, 52]   3306
[34, 53]   4608
[34, 56]   3776
[34, 59]   4984
[34, 61]   2354
[34, 63]   4744
[34, 66]   2304
[34, 67]   4464
[34, 76]   4384
[34, 85]   7914
[34, 86]   7906
[34, 90]   7296
[34, 93]   3776
[34, 94]   2776
[34, 102]   2370
[34, 110]   3944
[34, 116]   3130
[56, 85]   3776
[56, 86]   3776
[56, 90]   3656
[56, 93]   2432
[56, 116]   2456
[67, 76]   3520
[67, 85]   4464
[67, 86]   4464
[67, 90]   3976
[67, 93]   2608
[34, 76, 85]   4384
[34, 76, 86]   4384
[34, 76, 90]   3896
[34, 76, 93]   2608
[67, 76, 85]   3520
[67, 76, 86]   3520
[67, 76, 90]   3080
[34, 66, 85]   2304
[34, 66, 86]   2304
[34, 38, 85]   2512
[34, 38, 86]   2504
[34, 38, 90]   2512
[23, 59, 63]   2968
[23, 59, 85]   3232
[23, 59, 86]   3232
[23, 59, 90]   2936
[23, 59, 93]   3040
[34, 59, 63]   3964
[34, 59, 67]   3304
[34, 59, 76]   3280
[34, 59, 85]   4984
[34, 59, 86]   4984
[34, 59, 90]   4544
[34, 59, 93]   3472
[34, 59, 110]   2304
[34, 59, 116]   2352
[23, 39, 59]   2872
[23, 39, 63]   2680
[23, 39, 85]   3016
[23, 39, 86]   3016
[23, 39, 90]   2720
[23, 39, 93]   2824
[34, 39, 52]   2618
[34, 39, 53]   2784
[34, 39, 56]   3432
[34, 39, 59]   3400
[34, 39, 63]   3208
[34, 39, 67]   2824
[34, 39, 76]   2824
[34, 39, 85]   5402
[34, 39, 86]   5402
[34, 39, 90]   4784
[34, 39, 93]   3128
[34, 61, 85]   2354
[34, 61, 86]   2354
[1, 86, 90]   3800
[1, 86, 110]   2848
[23, 86, 90]   3080
[23, 86, 93]   3184
[34, 53, 59]   3216
[34, 53, 63]   3216
[34, 53, 67]   2592
[34, 53, 76]   2592
[34, 53, 85]   4608
[34, 53, 86]   4608
[34, 53, 90]   4608
[34, 53, 94]   2496
[34, 53, 110]   2832
[34, 53, 116]   2400
[34, 86, 90]   7288
[34, 86, 93]   3776
[34, 86, 94]   2768
[34, 86, 102]   2362
[34, 86, 110]   3944
[34, 86, 116]   3130
[56, 86, 90]   3656
[56, 86, 93]   2432
[56, 86, 116]   2456
[67, 86, 90]   3976
[67, 86, 93]   2608
[1, 85, 86]   3908
[1, 85, 90]   3808
[1, 85, 110]   2848
[23, 63, 85]   3040
[23, 63, 86]   3040
[23, 63, 90]   2744
[23, 63, 93]   2848
[23, 85, 86]   3376
[23, 85, 90]   3080
[23, 85, 93]   3184
[34, 52, 85]   3306
[34, 52, 86]   3298
[34, 52, 90]   2688
[34, 63, 67]   3064
[34, 63, 76]   3040
[34, 63, 85]   4744
[34, 63, 86]   4744
[34, 63, 90]   4304
[34, 63, 93]   3280
[34, 63, 116]   2304
[34, 85, 86]   7906
[34, 85, 90]   7296
[34, 85, 93]   3776
[34, 85, 94]   2776
[34, 85, 102]   2370
[34, 85, 110]   3944
[34, 85, 116]   3130
[56, 85, 86]   3776
[56, 85, 90]   3656
[56, 85, 93]   2432
[56, 85, 116]   2456
[67, 85, 86]   4464
[67, 85, 90]   3976
[67, 85, 93]   2608
[1, 36, 85]   3804
[1, 36, 86]   3804
[1, 36, 90]   3696
[1, 36, 110]   2800
[23, 36, 39]   3016
[23, 36, 59]   3128
[23, 36, 63]   2936
[23, 36, 85]   3272
[23, 36, 86]   3272
[23, 36, 90]   2976
[23, 36, 93]   3080
[34, 36, 39]   4346
[34, 36, 52]   2858
[34, 36, 53]   3744
[34, 36, 56]   3528
[34, 36, 59]   4232
[34, 36, 63]   3992
[34, 36, 67]   3160
[34, 36, 76]   3128
[34, 36, 85]   6602
[34, 36, 86]   6602
[34, 36, 90]   6272
[34, 36, 93]   3288
[34, 36, 110]   3752
[34, 36, 116]   2938
[1, 34, 36]   3786
[1, 34, 85]   3898
[1, 34, 86]   3890
[1, 34, 90]   3808
[1, 34, 110]   2848
[23, 34, 36]   3272
[23, 34, 39]   3016
[23, 34, 59]   3232
[23, 34, 63]   3040
[23, 34, 85]   3376
[23, 34, 86]   3376
[23, 34, 90]   3080
[23, 34, 93]   3184
[34, 56, 85]   3776
[34, 56, 86]   3776
[34, 56, 90]   3656
[34, 56, 93]   2432
[34, 56, 116]   2456
[34, 67, 76]   3520
[34, 67, 85]   4464
[34, 67, 86]   4464
[34, 67, 90]   3976
[34, 67, 93]   2608
[1, 24, 34]   3274
[1, 24, 36]   3188
[1, 24, 85]   3292
[1, 24, 86]   3284
[1, 24, 90]   3256
[1, 24, 110]   2504
[1, 90, 110]   2776
[23, 90, 93]   3080
[34, 90, 93]   3368
[34, 90, 94]   2584
[34, 90, 110]   3856
[34, 90, 116]   3104
[56, 90, 93]   2312
[56, 90, 116]   2448
[24, 66, 85]   2304
[24, 66, 86]   2304
[2, 90, 93]   2816
[24, 90, 94]   2584
[24, 90, 110]   2720
[2, 76, 85]   2704
[2, 76, 86]   2704
[2, 63, 85]   3400
[2, 63, 86]   3208
[2, 63, 90]   3032
[2, 63, 93]   2800
[2, 85, 86]   4016
[2, 85, 90]   3680
[2, 85, 93]   3152
[24, 85, 86]   4548
[24, 85, 90]   4408
[24, 85, 94]   2584
[24, 85, 110]   2720
[2, 59, 63]   3124
[2, 59, 85]   3640
[2, 59, 86]   3448
[2, 59, 90]   3272
[2, 59, 93]   2992
[2, 53, 85]   2592
[2, 53, 86]   2592
[2, 53, 90]   2592
[2, 86, 90]   3488
[2, 86, 93]   2960
[24, 53, 85]   2496
[24, 53, 86]   2496
[24, 53, 90]   2496
[24, 53, 94]   2496
[24, 86, 90]   4208
[24, 86, 94]   2576
[24, 86, 110]   2624
[2, 36, 39]   2864
[2, 36, 59]   2992
[2, 36, 63]   2752
[2, 36, 85]   3008
[2, 36, 86]   2816
[2, 36, 90]   2768
[2, 36, 93]   2768
[24, 36, 85]   3540
[24, 36, 86]   3348
[24, 36, 90]   3488
[24, 36, 110]   2624
[2, 28, 34]   3216
[2, 28, 36]   2304
[2, 28, 39]   3216
[2, 28, 53]   2496
[2, 28, 59]   2840
[2, 28, 63]   2792
[2, 28, 85]   3408
[2, 28, 86]   3216
[2, 28, 90]   2880
[2, 28, 93]   2352
[2, 39, 53]   2496
[2, 39, 59]   3376
[2, 39, 63]   3184
[2, 39, 67]   2464
[2, 39, 76]   2464
[2, 39, 85]   3920
[2, 39, 86]   3728
[2, 39, 90]   3392
[2, 39, 93]   2960
[24, 39, 85]   2596
[24, 39, 86]   2404
[24, 61, 85]   2372
[24, 61, 86]   2372
[2, 23, 34]   2752
[2, 23, 36]   2656
[2, 23, 39]   2656
[2, 23, 59]   2752
[2, 23, 63]   2560
[2, 23, 85]   2752
[2, 23, 86]   2752
[2, 23, 90]   2528
[2, 23, 93]   2560
[2, 34, 36]   2816
[2, 34, 39]   3728
[2, 34, 53]   2592
[2, 34, 59]   3448
[2, 34, 63]   3208
[2, 34, 67]   2752
[2, 34, 76]   2704
[2, 34, 85]   4016
[2, 34, 86]   4016
[2, 34, 90]   3488
[2, 34, 93]   2960
[2, 67, 85]   2752
[2, 67, 86]   2752
[2, 67, 90]   2336
[24, 34, 36]   3330
[24, 34, 39]   2386
[24, 34, 53]   2496
[24, 34, 61]   2354
[24, 34, 66]   2304
[24, 34, 67]   2336
[24, 34, 85]   4538
[24, 34, 86]   4530
[24, 34, 90]   4216
[24, 34, 94]   2584
[24, 34, 110]   2624
[24, 67, 85]   2336
[24, 67, 86]   2336
[36, 90, 93]   3360
[36, 90, 110]   3760
[36, 90, 116]   2912
[36, 76, 85]   3128
[36, 76, 86]   3128
[36, 76, 90]   2928
[3, 86, 90]   3416
[36, 53, 59]   2736
[36, 53, 63]   2736
[36, 53, 85]   3744
[36, 53, 86]   3744
[36, 53, 90]   3744
[36, 53, 110]   2736
[36, 53, 116]   2304
[36, 86, 90]   6272
[36, 86, 93]   3288
[36, 86, 110]   3752
[36, 86, 116]   2956
[3, 85, 86]   3608
[3, 85, 90]   3464
[36, 52, 85]   3068
[36, 52, 86]   2876
[36, 52, 90]   2720
[36, 63, 67]   2312
[36, 63, 76]   2312
[36, 63, 85]   4184
[36, 63, 86]   3992
[36, 63, 90]   3888
[36, 63, 93]   3128
[36, 85, 86]   6620
[36, 85, 90]   6464
[36, 85, 93]   3480
[36, 85, 110]   3848
[36, 85, 116]   2956
[3, 59, 85]   2376
[3, 59, 86]   2328
[36, 59, 63]   3680
[36, 59, 67]   2552
[36, 59, 76]   2552
[36, 59, 85]   4424
[36, 59, 86]   4232
[36, 59, 90]   4128
[36, 59, 93]   3320
[3, 39, 85]   2632
[3, 39, 86]   2584
[3, 39, 90]   2440
[36, 39, 52]   2540
[36, 39, 56]   3432
[36, 39, 59]   3064
[36, 39, 63]   2872
[36, 39, 85]   4556
[36, 39, 86]   4364
[36, 39, 90]   4208
[36, 39, 93]   3032
[3, 36, 85]   3016
[3, 36, 86]   2968
[3, 36, 90]   2920
[3, 34, 36]   2962
[3, 34, 39]   2578
[3, 34, 59]   2328
[3, 34, 85]   3602
[3, 34, 86]   3602
[3, 34, 90]   3416
[36, 56, 85]   3528
[36, 56, 86]   3528
[36, 56, 90]   3408
[36, 67, 85]   3160
[36, 67, 86]   3160
[36, 67, 90]   2960
[39, 76, 85]   2824
[39, 76, 86]   2824
[39, 76, 90]   2336
[39, 90, 93]   2912
[28, 59, 63]   2596
[28, 59, 85]   2920
[28, 59, 86]   2728
[28, 59, 90]   2480
[39, 59, 63]   3064
[39, 59, 85]   3592
[39, 59, 86]   3400
[39, 59, 90]   3152
[39, 59, 93]   3016
[6, 86, 90]   2970
[28, 53, 85]   2496
[28, 53, 86]   2496
[28, 53, 90]   2496
[28, 86, 90]   2728
[39, 53, 85]   2784
[39, 53, 86]   2784
[39, 53, 90]   2784
[39, 86, 90]   4784
[39, 86, 93]   3128
[6, 85, 86]   3102
[6, 85, 90]   3020
[28, 63, 85]   2872
[28, 63, 86]   2680
[28, 63, 90]   2432
[28, 85, 86]   3328
[28, 85, 90]   2928
[28, 85, 93]   2432
[39, 52, 85]   2828
[39, 52, 86]   2636
[39, 63, 85]   3400
[39, 63, 86]   3208
[39, 63, 90]   2960
[39, 63, 93]   2824
[39, 85, 86]   5420
[39, 85, 90]   4976
[39, 85, 93]   3320
[61, 85, 86]   2372
[6, 39, 85]   2316
[28, 39, 53]   2496
[28, 39, 59]   2744
[28, 39, 63]   2744
[28, 39, 85]   3288
[28, 39, 86]   3096
[28, 39, 90]   2688
[28, 39, 93]   2328
[6, 36, 85]   2700
[6, 36, 86]   2652
[6, 36, 90]   2568
[28, 36, 59]   2360
[28, 36, 63]   2312
[28, 36, 85]   2408
[6, 34, 36]   2646
[6, 34, 85]   3098
[6, 34, 86]   3096
[6, 34, 90]   2972
[28, 34, 39]   3096
[28, 34, 53]   2496
[28, 34, 59]   2728
[28, 34, 63]   2680
[28, 34, 85]   3336
[28, 34, 86]   3328
[28, 34, 90]   2736
[39, 56, 85]   3432
[39, 56, 86]   3432
[39, 56, 90]   3312
[39, 67, 76]   2392
[39, 67, 85]   2824
[39, 67, 86]   2824
[39, 67, 90]   2336
[53, 90, 94]   2496
[53, 90, 110]   2832
[53, 90, 116]   2400
[86, 90, 93]   3368
[86, 90, 94]   2576
[86, 90, 110]   3856
[86, 90, 116]   3104
[53, 86, 90]   4608
[53, 86, 94]   2496
[53, 86, 110]   2832
[53, 86, 116]   2400
[53, 76, 85]   2592
[53, 76, 86]   2592
[53, 76, 90]   2592
[53, 59, 63]   2520
[53, 59, 85]   3216
[53, 59, 86]   3216
[53, 59, 90]   3216
[9, 85, 86]   2364
[53, 63, 85]   3216
[53, 63, 86]   3216
[53, 63, 90]   3216
[53, 85, 86]   4608
[53, 85, 90]   4608
[53, 85, 94]   2496
[53, 85, 110]   2832
[53, 85, 116]   2400
[9, 34, 85]   2364
[9, 34, 86]   2364
[53, 67, 85]   2592
[53, 67, 86]   2592
[53, 67, 90]   2592
[10, 86, 90]   3044
[76, 86, 90]   3896
[76, 86, 93]   2608
[10, 85, 86]   3236
[10, 85, 90]   3052
[76, 85, 86]   4384
[76, 85, 90]   3896
[76, 85, 93]   2608
[10, 36, 85]   3208
[10, 36, 86]   3208
[10, 36, 90]   3016
[10, 34, 36]   3190
[10, 34, 85]   3226
[10, 34, 86]   3218
[10, 34, 90]   3052
[11, 85, 86]   2320
[66, 85, 86]   2304
[11, 34, 85]   2320
[11, 34, 86]   2320
[38, 86, 90]   2504
[38, 85, 86]   2504
[38, 85, 90]   2512
[63, 90, 93]   3224
[63, 90, 116]   2304
[85, 90, 93]   3560
[85, 90, 94]   2584
[85, 90, 110]   3952
[85, 90, 116]   3104
[63, 76, 85]   3040
[63, 76, 86]   3040
[63, 76, 90]   2696
[63, 67, 76]   2392
[63, 67, 85]   3064
[63, 67, 86]   3064
[63, 67, 90]   2720
[52, 86, 90]   2680
[63, 86, 90]   4304
[63, 86, 93]   3280
[63, 86, 116]   2304
[85, 86, 90]   7288
[85, 86, 93]   3776
[85, 86, 94]   2768
[85, 86, 102]   2380
[85, 86, 110]   3944
[85, 86, 116]   3148
[52, 85, 86]   3316
[52, 85, 90]   2880
[63, 85, 86]   4744
[63, 85, 90]   4496
[63, 85, 93]   3472
[63, 85, 110]   2376
[63, 85, 116]   2304
[59, 90, 93]   3416
[59, 90, 110]   2312
[59, 90, 116]   2352
[59, 86, 90]   4544
[59, 86, 93]   3472
[59, 86, 110]   2304
[59, 86, 116]   2352
[59, 76, 85]   3280
[59, 76, 86]   3280
[59, 76, 90]   2936
[59, 76, 93]   2320
[59, 67, 76]   2632
[59, 67, 85]   3304
[59, 67, 86]   3304
[59, 67, 90]   2960
[59, 67, 93]   2320
[59, 63, 67]   2500
[59, 63, 76]   2488
[59, 63, 85]   4156
[59, 63, 86]   3964
[59, 63, 90]   3788
[59, 63, 93]   3328
[59, 85, 86]   4984
[59, 85, 90]   4736
[59, 85, 93]   3664
[59, 85, 110]   2400
[59, 85, 116]   2352
[59, 63, 90, 93]   3152
[59, 85, 90, 93]   3416
[59, 85, 90, 110]   2312
[59, 85, 90, 116]   2352
[59, 63, 86, 90]   3596
[59, 63, 86, 93]   3136
[59, 85, 86, 90]   4544
[59, 85, 86, 93]   3472
[59, 85, 86, 110]   2304
[59, 85, 86, 116]   2352
[59, 63, 85, 86]   3964
[59, 63, 85, 90]   3788
[59, 63, 85, 93]   3328
[59, 63, 76, 85]   2488
[59, 63, 76, 86]   2488
[59, 63, 67, 85]   2500
[59, 63, 67, 86]   2500
[59, 67, 86, 90]   2960
[59, 67, 86, 93]   2320
[59, 67, 85, 86]   3304
[59, 67, 85, 90]   2960
[59, 67, 85, 93]   2320
[59, 67, 76, 85]   2632
[59, 67, 76, 86]   2632
[59, 67, 76, 90]   2336
[59, 76, 86, 90]   2936
[59, 76, 86, 93]   2320
[59, 76, 85, 86]   3280
[59, 76, 85, 90]   2936
[59, 76, 85, 93]   2320
[59, 86, 90, 93]   3224
[59, 86, 90, 116]   2352
[63, 85, 90, 93]   3224
[63, 85, 90, 116]   2304
[52, 85, 86, 90]   2680
[63, 85, 86, 90]   4304
[63, 85, 86, 93]   3280
[63, 85, 86, 116]   2304
[63, 86, 90, 93]   3032
[63, 86, 90, 116]   2304
[85, 86, 90, 93]   3368
[85, 86, 90, 94]   2576
[85, 86, 90, 110]   3856
[85, 86, 90, 116]   3104
[63, 67, 86, 90]   2720
[63, 67, 85, 86]   3064
[63, 67, 85, 90]   2720
[63, 67, 76, 85]   2392
[63, 67, 76, 86]   2392
[63, 76, 86, 90]   2696
[63, 76, 85, 86]   3040
[63, 76, 85, 90]   2696
[38, 85, 86, 90]   2504
[11, 34, 85, 86]   2320
[10, 34, 86, 90]   3044
[10, 34, 85, 86]   3218
[10, 34, 85, 90]   3052
[10, 34, 36, 85]   3190
[10, 34, 36, 86]   3190
[10, 34, 36, 90]   3016
[10, 36, 86, 90]   3016
[10, 36, 85, 86]   3208
[10, 36, 85, 90]   3016
[10, 85, 86, 90]   3044
[76, 85, 86, 90]   3896
[76, 85, 86, 93]   2608
[53, 67, 86, 90]   2592
[9, 34, 85, 86]   2364
[53, 67, 85, 86]   2592
[53, 67, 85, 90]   2592
[53, 85, 90, 94]   2496
[53, 85, 90, 110]   2832
[53, 85, 90, 116]   2400
[53, 63, 86, 90]   3216
[53, 85, 86, 90]   4608
[53, 85, 86, 94]   2496
[53, 85, 86, 110]   2832
[53, 85, 86, 116]   2400
[53, 63, 85, 86]   3216
[53, 63, 85, 90]   3216
[53, 59, 86, 90]   3216
[53, 59, 63, 85]   2520
[53, 59, 63, 86]   2520
[53, 59, 63, 90]   2520
[53, 59, 85, 86]   3216
[53, 59, 85, 90]   3216
[53, 76, 86, 90]   2592
[53, 76, 85, 86]   2592
[53, 76, 85, 90]   2592
[53, 86, 90, 94]   2496
[53, 86, 90, 110]   2832
[53, 86, 90, 116]   2400
[39, 67, 76, 85]   2392
[39, 67, 76, 86]   2392
[28, 34, 59, 63]   2404
[28, 34, 59, 85]   2728
[28, 34, 59, 86]   2728
[28, 34, 39, 53]   2496
[28, 34, 39, 59]   2552
[28, 34, 39, 63]   2552
[28, 34, 39, 85]   3096
[28, 34, 39, 86]   3096
[28, 34, 39, 90]   2496
[6, 34, 86, 90]   2970
[28, 34, 53, 85]   2496
[28, 34, 53, 86]   2496
[28, 34, 53, 90]   2496
[28, 34, 86, 90]   2728
[39, 56, 86, 90]   3312
[39, 67, 86, 90]   2336
[6, 34, 85, 86]   3096
[6, 34, 85, 90]   2972
[28, 34, 63, 85]   2680
[28, 34, 63, 86]   2680
[28, 34, 85, 86]   3328
[28, 34, 85, 90]   2736
[39, 56, 85, 86]   3432
[39, 56, 85, 90]   3312
[39, 67, 85, 86]   2824
[39, 67, 85, 90]   2336
[6, 34, 36, 85]   2646
[6, 34, 36, 86]   2646
[6, 34, 36, 90]   2520
[28, 36, 59, 63]   2312
[28, 36, 59, 85]   2360
[6, 36, 86, 90]   2520
[6, 36, 85, 86]   2652
[6, 36, 85, 90]   2568
[28, 36, 63, 85]   2312
[28, 39, 63, 85]   2744
[28, 39, 63, 86]   2552
[28, 39, 63, 90]   2304
[28, 39, 85, 86]   3096
[28, 39, 85, 90]   2688
[28, 39, 85, 93]   2328
[28, 39, 59, 63]   2480
[28, 39, 59, 85]   2744
[28, 39, 59, 86]   2552
[28, 39, 59, 90]   2304
[28, 39, 53, 85]   2496
[28, 39, 53, 86]   2496
[28, 39, 53, 90]   2496
[28, 39, 86, 90]   2496
[39, 63, 90, 93]   2576
[39, 85, 90, 93]   2912
[28, 63, 85, 86]   2680
[28, 63, 85, 90]   2432
[39, 52, 85, 86]   2636
[39, 63, 85, 86]   3208
[39, 63, 85, 90]   2960
[39, 63, 85, 93]   2824
[6, 85, 86, 90]   2970
[28, 85, 86, 90]   2728
[39, 63, 86, 90]   2768
[39, 63, 86, 93]   2632
[39, 85, 86, 90]   4784
[39, 85, 86, 93]   3128
[39, 86, 90, 93]   2720
[28, 53, 86, 90]   2496
[39, 53, 86, 90]   2784
[28, 53, 85, 86]   2496
[28, 53, 85, 90]   2496
[39, 53, 85, 86]   2784
[39, 53, 85, 90]   2784
[39, 59, 90, 93]   2768
[39, 59, 86, 90]   2960
[39, 59, 86, 93]   2824
[28, 59, 63, 85]   2596
[28, 59, 63, 86]   2404
[28, 59, 85, 86]   2728
[28, 59, 85, 90]   2480
[39, 59, 63, 85]   3064
[39, 59, 63, 86]   2872
[39, 59, 63, 90]   2696
[39, 59, 63, 93]   2680
[39, 59, 85, 86]   3400
[39, 59, 85, 90]   3152
[39, 59, 85, 93]   3016
[39, 76, 86, 90]   2336
[39, 76, 85, 86]   2824
[39, 76, 85, 90]   2336
[3, 34, 86, 90]   3416
[36, 56, 86, 90]   3408
[36, 67, 86, 90]   2960
[3, 34, 85, 86]   3602
[3, 34, 85, 90]   3416
[36, 56, 85, 86]   3528
[36, 56, 85, 90]   3408
[36, 67, 85, 86]   3160
[36, 67, 85, 90]   2960
[3, 34, 59, 85]   2328
[3, 34, 59, 86]   2328
[3, 34, 39, 85]   2578
[3, 34, 39, 86]   2578
[3, 34, 39, 90]   2392
[3, 34, 36, 85]   2962
[3, 34, 36, 86]   2962
[3, 34, 36, 90]   2872
[3, 36, 86, 90]   2872
[3, 36, 85, 86]   2968
[3, 36, 85, 90]   2920
[36, 39, 90, 93]   2912
[36, 39, 59, 63]   2800
[36, 39, 59, 85]   3064
[36, 39, 59, 86]   2872
[36, 39, 59, 90]   2768
[36, 39, 59, 93]   2872
[36, 39, 56, 85]   3432
[36, 39, 56, 86]   3432
[36, 39, 56, 90]   3312
[3, 39, 86, 90]   2392
[36, 39, 86, 90]   4016
[36, 39, 86, 93]   2840
[3, 39, 85, 86]   2584
[3, 39, 85, 90]   2440
[36, 39, 52, 85]   2540
[36, 39, 52, 86]   2348
[36, 39, 63, 85]   2872
[36, 39, 63, 86]   2680
[36, 39, 63, 90]   2576
[36, 39, 63, 93]   2680
[36, 39, 85, 86]   4364
[36, 39, 85, 90]   4208
[36, 39, 85, 93]   3032
[36, 59, 90, 93]   3216
[36, 59, 86, 90]   3936
[36, 59, 86, 93]   3128
[36, 59, 76, 85]   2552
[36, 59, 76, 86]   2552
[36, 59, 76, 90]   2352
[36, 59, 67, 85]   2552
[36, 59, 67, 86]   2552
[36, 59, 67, 90]   2352
[3, 59, 85, 86]   2328
[36, 59, 63, 85]   3680
[36, 59, 63, 86]   3488
[36, 59, 63, 90]   3384
[36, 59, 63, 93]   3056
[36, 59, 85, 86]   4232
[36, 59, 85, 90]   4128
[36, 59, 85, 93]   3320
[36, 63, 90, 93]   3024
[36, 85, 90, 93]   3360
[36, 85, 90, 110]   3760
[36, 85, 90, 116]   2912
[36, 63, 76, 85]   2312
[36, 63, 76, 86]   2312
[36, 63, 67, 85]   2312
[36, 63, 67, 86]   2312
[36, 52, 85, 86]   2876
[36, 52, 85, 90]   2720
[36, 63, 85, 86]   3992
[36, 63, 85, 90]   3888
[36, 63, 85, 93]   3128
[3, 85, 86, 90]   3416
[36, 52, 86, 90]   2528
[36, 63, 86, 90]   3696
[36, 63, 86, 93]   2936
[36, 85, 86, 90]   6272
[36, 85, 86, 93]   3288
[36, 85, 86, 110]   3752
[36, 85, 86, 116]   2956
[36, 53, 90, 110]   2736
[36, 53, 90, 116]   2304
[36, 86, 90, 93]   3168
[36, 86, 90, 110]   3664
[36, 86, 90, 116]   2912
[36, 53, 86, 90]   3744
[36, 53, 86, 110]   2736
[36, 53, 86, 116]   2304
[36, 53, 63, 85]   2736
[36, 53, 63, 86]   2736
[36, 53, 63, 90]   2736
[36, 53, 85, 86]   3744
[36, 53, 85, 90]   3744
[36, 53, 85, 110]   2736
[36, 53, 85, 116]   2304
[36, 53, 59, 85]   2736
[36, 53, 59, 86]   2736
[36, 53, 59, 90]   2736
[36, 76, 86, 90]   2928
[36, 76, 85, 86]   3128
[36, 76, 85, 90]   2928
[24, 34, 66, 85]   2304
[24, 34, 66, 86]   2304
[2, 34, 76, 85]   2704
[2, 34, 76, 86]   2704
[2, 23, 90, 93]   2528
[2, 34, 90, 93]   2624
[24, 34, 90, 94]   2584
[24, 34, 90, 110]   2624
[2, 23, 86, 90]   2528
[2, 23, 86, 93]   2560
[2, 34, 53, 85]   2592
[2, 34, 53, 86]   2592
[2, 34, 53, 90]   2592
[2, 34, 86, 90]   3488
[2, 34, 86, 93]   2960
[2, 67, 86, 90]   2336
[24, 34, 53, 85]   2496
[24, 34, 53, 86]   2496
[24, 34, 53, 90]   2496
[24, 34, 53, 94]   2496
[24, 34, 86, 90]   4208
[24, 34, 86, 94]   2576
[24, 34, 86, 110]   2624
[2, 23, 63, 85]   2560
[2, 23, 63, 86]   2560
[2, 23, 63, 90]   2336
[2, 23, 63, 93]   2368
[2, 23, 85, 86]   2752
[2, 23, 85, 90]   2528
[2, 23, 85, 93]   2560
[2, 34, 63, 85]   3208
[2, 34, 63, 86]   3208
[2, 34, 63, 90]   2840
[2, 34, 63, 93]   2608
[2, 34, 85, 86]   4016
[2, 34, 85, 90]   3488
[2, 34, 85, 93]   2960
[2, 67, 85, 86]   2752
[2, 67, 85, 90]   2336
[24, 34, 85, 86]   4530
[24, 34, 85, 90]   4216
[24, 34, 85, 94]   2584
[24, 34, 85, 110]   2624
[24, 67, 85, 86]   2336
[2, 23, 59, 63]   2560
[2, 23, 59, 85]   2752
[2, 23, 59, 86]   2752
[2, 23, 59, 90]   2528
[2, 23, 59, 93]   2560
[2, 34, 59, 63]   2932
[2, 34, 59, 85]   3448
[2, 34, 59, 86]   3448
[2, 34, 59, 90]   3080
[2, 34, 59, 93]   2800
[2, 23, 39, 59]   2656
[2, 23, 39, 63]   2464
[2, 23, 39, 85]   2656
[2, 23, 39, 86]   2656
[2, 23, 39, 90]   2432
[2, 23, 39, 93]   2464
[2, 34, 39, 53]   2496
[2, 34, 39, 59]   3184
[2, 34, 39, 63]   2992
[2, 34, 39, 67]   2464
[2, 34, 39, 76]   2464
[2, 34, 39, 85]   3728
[2, 34, 39, 86]   3728
[2, 34, 39, 90]   3200
[2, 34, 39, 93]   2768
[24, 34, 39, 85]   2386
[24, 34, 39, 86]   2386
[24, 34, 61, 85]   2354
[24, 34, 61, 86]   2354
[2, 23, 36, 39]   2656
[2, 23, 36, 59]   2656
[2, 23, 36, 63]   2464
[2, 23, 36, 85]   2656
[2, 23, 36, 86]   2656
[2, 23, 36, 90]   2432
[2, 23, 36, 93]   2464
[2, 34, 36, 39]   2672
[2, 34, 36, 59]   2800
[2, 34, 36, 63]   2560
[2, 34, 36, 85]   2816
[2, 34, 36, 86]   2816
[2, 34, 36, 90]   2576
[2, 34, 36, 93]   2576
[24, 34, 36, 85]   3330
[24, 34, 36, 86]   3330
[24, 34, 36, 90]   3296
[24, 34, 36, 110]   2528
[2, 23, 34, 36]   2656
[2, 23, 34, 39]   2656
[2, 23, 34, 59]   2752
[2, 23, 34, 63]   2560
[2, 23, 34, 85]   2752
[2, 23, 34, 86]   2752
[2, 23, 34, 90]   2528
[2, 23, 34, 93]   2560
[2, 34, 67, 85]   2752
[2, 34, 67, 86]   2752
[2, 34, 67, 90]   2336
[24, 34, 67, 85]   2336
[24, 34, 67, 86]   2336
[2, 39, 76, 85]   2464
[2, 39, 76, 86]   2464
[2, 39, 90, 93]   2624
[2, 28, 63, 85]   2792
[2, 28, 63, 86]   2600
[2, 28, 63, 90]   2424
[2, 28, 85, 86]   3216
[2, 28, 85, 90]   2880
[2, 28, 85, 93]   2352
[2, 39, 63, 85]   3184
[2, 39, 63, 86]   2992
[2, 39, 63, 90]   2816
[2, 39, 63, 93]   2608
[2, 39, 85, 86]   3728
[2, 39, 85, 90]   3392
[2, 39, 85, 93]   2960
[24, 39, 85, 86]   2404
[24, 61, 85, 86]   2372
[2, 28, 59, 63]   2516
[2, 28, 59, 85]   2840
[2, 28, 59, 86]   2648
[2, 28, 59, 90]   2472
[2, 39, 59, 63]   2920
[2, 39, 59, 85]   3376
[2, 39, 59, 86]   3184
[2, 39, 59, 90]   3008
[2, 39, 59, 93]   2800
[2, 28, 53, 85]   2496
[2, 28, 53, 86]   2496
[2, 28, 53, 90]   2496
[2, 28, 86, 90]   2688
[2, 39, 53, 85]   2496
[2, 39, 53, 86]   2496
[2, 39, 53, 90]   2496
[2, 39, 86, 90]   3200
[2, 39, 86, 93]   2768
[2, 28, 39, 53]   2496
[2, 28, 39, 59]   2672
[2, 28, 39, 63]   2672
[2, 28, 39, 85]   3216
[2, 28, 39, 86]   3024
[2, 28, 39, 90]   2688
[2, 28, 36, 85]   2304
[2, 28, 34, 39]   3024
[2, 28, 34, 53]   2496
[2, 28, 34, 59]   2648
[2, 28, 34, 63]   2600
[2, 28, 34, 85]   3216
[2, 28, 34, 86]   3216
[2, 28, 34, 90]   2688
[2, 39, 67, 85]   2464
[2, 39, 67, 86]   2464
[2, 36, 90, 93]   2720
[24, 36, 90, 110]   2624
[2, 36, 86, 90]   2576
[2, 36, 86, 93]   2576
[24, 36, 86, 90]   3296
[24, 36, 86, 110]   2528
[2, 36, 63, 85]   2752
[2, 36, 63, 86]   2560
[2, 36, 63, 90]   2528
[2, 36, 63, 93]   2560
[2, 36, 85, 86]   2816
[2, 36, 85, 90]   2768
[2, 36, 85, 93]   2768
[24, 36, 85, 86]   3348
[24, 36, 85, 90]   3488
[24, 36, 85, 110]   2624
[2, 36, 59, 63]   2752
[2, 36, 59, 85]   2992
[2, 36, 59, 86]   2800
[2, 36, 59, 90]   2768
[2, 36, 59, 93]   2752
[2, 36, 39, 59]   2848
[2, 36, 39, 63]   2656
[2, 36, 39, 85]   2864
[2, 36, 39, 86]   2672
[2, 36, 39, 90]   2624
[2, 36, 39, 93]   2672
[2, 86, 90, 93]   2624
[24, 53, 90, 94]   2496
[24, 86, 90, 94]   2576
[24, 86, 90, 110]   2624
[2, 53, 86, 90]   2592
[24, 53, 86, 90]   2496
[24, 53, 86, 94]   2496
[2, 53, 85, 86]   2592
[2, 53, 85, 90]   2592
[24, 53, 85, 86]   2496
[24, 53, 85, 90]   2496
[24, 53, 85, 94]   2496
[2, 59, 90, 93]   2816
[2, 59, 86, 90]   3080
[2, 59, 86, 93]   2800
[2, 59, 63, 85]   3124
[2, 59, 63, 86]   2932
[2, 59, 63, 90]   2828
[2, 59, 63, 93]   2728
[2, 59, 85, 86]   3448
[2, 59, 85, 90]   3272
[2, 59, 85, 93]   2992
[2, 63, 90, 93]   2624
[2, 85, 90, 93]   2816
[24, 85, 90, 94]   2584
[24, 85, 90, 110]   2720
[2, 63, 86, 90]   2840
[2, 63, 86, 93]   2608
[2, 85, 86, 90]   3488
[2, 85, 86, 93]   2960
[24, 85, 86, 90]   4208
[24, 85, 86, 94]   2576
[24, 85, 86, 110]   2624
[2, 63, 85, 86]   3208
[2, 63, 85, 90]   3032
[2, 63, 85, 93]   2800
[2, 76, 85, 86]   2704
[24, 66, 85, 86]   2304
[1, 24, 90, 110]   2504
[1, 24, 86, 90]   3248
[1, 24, 86, 110]   2504
[1, 24, 85, 86]   3284
[1, 24, 85, 90]   3256
[1, 24, 85, 110]   2504
[1, 24, 36, 85]   3188
[1, 24, 36, 86]   3188
[1, 24, 36, 90]   3152
[1, 24, 36, 110]   2456
[1, 24, 34, 36]   3170
[1, 24, 34, 85]   3274
[1, 24, 34, 86]   3266
[1, 24, 34, 90]   3256
[1, 24, 34, 110]   2504
[34, 67, 76, 85]   3520
[34, 67, 76, 86]   3520
[34, 67, 76, 90]   3080
[23, 34, 59, 63]   2968
[23, 34, 59, 85]   3232
[23, 34, 59, 86]   3232
[23, 34, 59, 90]   2936
[23, 34, 59, 93]   3040
[23, 34, 39, 59]   2872
[23, 34, 39, 63]   2680
[23, 34, 39, 85]   3016
[23, 34, 39, 86]   3016
[23, 34, 39, 90]   2720
[23, 34, 39, 93]   2824
[1, 34, 90, 110]   2776
[23, 34, 90, 93]   3080
[34, 56, 90, 93]   2312
[34, 56, 90, 116]   2448
[1, 34, 86, 90]   3800
[1, 34, 86, 110]   2848
[23, 34, 86, 90]   3080
[23, 34, 86, 93]   3184
[34, 56, 86, 90]   3656
[34, 56, 86, 93]   2432
[34, 56, 86, 116]   2456
[34, 67, 86, 90]   3976
[34, 67, 86, 93]   2608
[1, 34, 85, 86]   3890
[1, 34, 85, 90]   3808
[1, 34, 85, 110]   2848
[23, 34, 63, 85]   3040
[23, 34, 63, 86]   3040
[23, 34, 63, 90]   2744
[23, 34, 63, 93]   2848
[23, 34, 85, 86]   3376
[23, 34, 85, 90]   3080
[23, 34, 85, 93]   3184
[34, 56, 85, 86]   3776
[34, 56, 85, 90]   3656
[34, 56, 85, 93]   2432
[34, 56, 85, 116]   2456
[34, 67, 85, 86]   4464
[34, 67, 85, 90]   3976
[34, 67, 85, 93]   2608
[1, 34, 36, 85]   3786
[1, 34, 36, 86]   3786
[1, 34, 36, 90]   3696
[1, 34, 36, 110]   2800
[23, 34, 36, 39]   3016
[23, 34, 36, 59]   3128
[23, 34, 36, 63]   2936
[23, 34, 36, 85]   3272
[23, 34, 36, 86]   3272
[23, 34, 36, 90]   2976
[23, 34, 36, 93]   3080
[34, 36, 76, 85]   3128
[34, 36, 76, 86]   3128
[34, 36, 76, 90]   2928
[34, 36, 56, 85]   3528
[34, 36, 56, 86]   3528
[34, 36, 56, 90]   3408
[34, 36, 67, 85]   3160
[34, 36, 67, 86]   3160
[34, 36, 67, 90]   2960
[23, 36, 59, 63]   2864
[23, 36, 59, 85]   3128
[23, 36, 59, 86]   3128
[23, 36, 59, 90]   2832
[23, 36, 59, 93]   2936
[34, 36, 59, 63]   3488
[34, 36, 59, 67]   2552
[34, 36, 59, 76]   2552
[34, 36, 59, 85]   4232
[34, 36, 59, 86]   4232
[34, 36, 59, 90]   3936
[34, 36, 59, 93]   3128
[23, 36, 39, 59]   2872
[23, 36, 39, 63]   2680
[23, 36, 39, 85]   3016
[23, 36, 39, 86]   3016
[23, 36, 39, 90]   2720
[23, 36, 39, 93]   2824
[34, 36, 39, 52]   2330
[34, 36, 39, 56]   3432
[34, 36, 39, 59]   2872
[34, 36, 39, 63]   2680
[34, 36, 39, 85]   4346
[34, 36, 39, 86]   4346
[34, 36, 39, 90]   4016
[34, 36, 39, 93]   2840
[1, 36, 90, 110]   2728
[23, 36, 90, 93]   2976
[34, 36, 90, 93]   3168
[34, 36, 90, 110]   3664
[34, 36, 90, 116]   2912
[1, 36, 86, 90]   3696
[1, 36, 86, 110]   2800
[23, 36, 86, 90]   2976
[23, 36, 86, 93]   3080
[34, 36, 53, 59]   2736
[34, 36, 53, 63]   2736
[34, 36, 53, 85]   3744
[34, 36, 53, 86]   3744
[34, 36, 53, 90]   3744
[34, 36, 53, 110]   2736
[34, 36, 53, 116]   2304
[34, 36, 86, 90]   6272
[34, 36, 86, 93]   3288
[34, 36, 86, 110]   3752
[34, 36, 86, 116]   2938
[1, 36, 85, 86]   3804
[1, 36, 85, 90]   3696
[1, 36, 85, 110]   2800
[23, 36, 63, 85]   2936
[23, 36, 63, 86]   2936
[23, 36, 63, 90]   2640
[23, 36, 63, 93]   2744
[23, 36, 85, 86]   3272
[23, 36, 85, 90]   2976
[23, 36, 85, 93]   3080
[34, 36, 52, 85]   2858
[34, 36, 52, 86]   2858
[34, 36, 52, 90]   2528
[34, 36, 63, 67]   2312
[34, 36, 63, 76]   2312
[34, 36, 63, 85]   3992
[34, 36, 63, 86]   3992
[34, 36, 63, 90]   3696
[34, 36, 63, 93]   2936
[34, 36, 85, 86]   6602
[34, 36, 85, 90]   6272
[34, 36, 85, 93]   3288
[34, 36, 85, 110]   3752
[34, 36, 85, 116]   2938
[34, 63, 76, 85]   3040
[34, 63, 76, 86]   3040
[34, 63, 76, 90]   2696
[34, 63, 67, 76]   2392
[34, 63, 67, 85]   3064
[34, 63, 67, 86]   3064
[34, 63, 67, 90]   2720
[23, 63, 85, 86]   3040
[23, 63, 85, 90]   2744
[23, 63, 85, 93]   2848
[34, 52, 85, 86]   3298
[34, 52, 85, 90]   2688
[34, 63, 85, 86]   4744
[34, 63, 85, 90]   4304
[34, 63, 85, 93]   3280
[34, 63, 85, 116]   2304
[1, 85, 90, 110]   2776
[23, 63, 90, 93]   2744
[23, 85, 90, 93]   3080
[34, 63, 90, 93]   3032
[34, 63, 90, 116]   2304
[34, 85, 90, 93]   3368
[34, 85, 90, 94]   2584
[34, 85, 90, 110]   3856
[34, 85, 90, 116]   3104
[56, 85, 90, 93]   2312
[56, 85, 90, 116]   2448
[1, 85, 86, 90]   3800
[1, 85, 86, 110]   2848
[23, 63, 86, 90]   2744
[23, 63, 86, 93]   2848
[23, 85, 86, 90]   3080
[23, 85, 86, 93]   3184
[34, 52, 86, 90]   2680
[34, 63, 86, 90]   4304
[34, 63, 86, 93]   3280
[34, 63, 86, 116]   2304
[34, 85, 86, 90]   7288
[34, 85, 86, 93]   3776
[34, 85, 86, 94]   2768
[34, 85, 86, 102]   2362
[34, 85, 86, 110]   3944
[34, 85, 86, 116]   3130
[56, 85, 86, 90]   3656
[56, 85, 86, 93]   2432
[56, 85, 86, 116]   2456
[67, 85, 86, 90]   3976
[67, 85, 86, 93]   2608
[34, 53, 86, 90]   4608
[34, 53, 86, 94]   2496
[34, 53, 86, 110]   2832
[34, 53, 86, 116]   2400
[34, 53, 76, 85]   2592
[34, 53, 76, 86]   2592
[34, 53, 76, 90]   2592
[34, 53, 67, 85]   2592
[34, 53, 67, 86]   2592
[34, 53, 67, 90]   2592
[34, 53, 63, 85]   3216
[34, 53, 63, 86]   3216
[34, 53, 63, 90]   3216
[34, 53, 85, 86]   4608
[34, 53, 85, 90]   4608
[34, 53, 85, 94]   2496
[34, 53, 85, 110]   2832
[34, 53, 85, 116]   2400
[34, 53, 59, 63]   2520
[34, 53, 59, 85]   3216
[34, 53, 59, 86]   3216
[34, 53, 59, 90]   3216
[1, 86, 90, 110]   2776
[23, 86, 90, 93]   3080
[34, 53, 90, 94]   2496
[34, 53, 90, 110]   2832
[34, 53, 90, 116]   2400
[34, 86, 90, 93]   3368
[34, 86, 90, 94]   2576
[34, 86, 90, 110]   3856
[34, 86, 90, 116]   3104
[56, 86, 90, 93]   2312
[56, 86, 90, 116]   2448
[34, 39, 76, 85]   2824
[34, 39, 76, 86]   2824
[34, 39, 76, 90]   2336
[34, 39, 56, 85]   3432
[34, 39, 56, 86]   3432
[34, 39, 56, 90]   3312
[34, 39, 67, 76]   2392
[34, 39, 67, 85]   2824
[34, 39, 67, 86]   2824
[34, 39, 67, 90]   2336
[23, 39, 90, 93]   2720
[34, 39, 90, 93]   2720
[23, 39, 86, 90]   2720
[23, 39, 86, 93]   2824
[34, 39, 53, 85]   2784
[34, 39, 53, 86]   2784
[34, 39, 53, 90]   2784
[34, 39, 86, 90]   4784
[34, 39, 86, 93]   3128
[23, 39, 63, 85]   2680
[23, 39, 63, 86]   2680
[23, 39, 63, 90]   2384
[23, 39, 63, 93]   2488
[23, 39, 85, 86]   3016
[23, 39, 85, 90]   2720
[23, 39, 85, 93]   2824
[34, 39, 52, 85]   2618
[34, 39, 52, 86]   2618
[34, 39, 63, 85]   3208
[34, 39, 63, 86]   3208
[34, 39, 63, 90]   2768
[34, 39, 63, 93]   2632
[34, 39, 85, 86]   5402
[34, 39, 85, 90]   4784
[34, 39, 85, 93]   3128
[34, 61, 85, 86]   2354
[23, 39, 59, 63]   2608
[23, 39, 59, 85]   2872
[23, 39, 59, 86]   2872
[23, 39, 59, 90]   2576
[23, 39, 59, 93]   2680
[34, 39, 59, 63]   2872
[34, 39, 59, 85]   3400
[34, 39, 59, 86]   3400
[34, 39, 59, 90]   2960
[34, 39, 59, 93]   2824
[34, 59, 76, 85]   3280
[34, 59, 76, 86]   3280
[34, 59, 76, 90]   2936
[34, 59, 76, 93]   2320
[34, 59, 67, 76]   2632
[34, 59, 67, 85]   3304
[34, 59, 67, 86]   3304
[34, 59, 67, 90]   2960
[34, 59, 67, 93]   2320
[23, 59, 90, 93]   2936
[34, 59, 90, 93]   3224
[34, 59, 90, 116]   2352
[23, 59, 86, 90]   2936
[23, 59, 86, 93]   3040
[34, 59, 86, 90]   4544
[34, 59, 86, 93]   3472
[34, 59, 86, 110]   2304
[34, 59, 86, 116]   2352
[23, 59, 63, 85]   2968
[23, 59, 63, 86]   2968
[23, 59, 63, 90]   2672
[23, 59, 63, 93]   2776
[23, 59, 85, 86]   3232
[23, 59, 85, 90]   2936
[23, 59, 85, 93]   3040
[34, 59, 63, 67]   2500
[34, 59, 63, 76]   2488
[34, 59, 63, 85]   3964
[34, 59, 63, 86]   3964
[34, 59, 63, 90]   3596
[34, 59, 63, 93]   3136
[34, 59, 85, 86]   4984
[34, 59, 85, 90]   4544
[34, 59, 85, 93]   3472
[34, 59, 85, 110]   2304
[34, 59, 85, 116]   2352
[34, 38, 86, 90]   2504
[34, 38, 85, 86]   2504
[34, 38, 85, 90]   2512
[34, 66, 85, 86]   2304
[34, 76, 86, 90]   3896
[34, 76, 86, 93]   2608
[67, 76, 86, 90]   3080
[34, 76, 85, 86]   4384
[34, 76, 85, 90]   3896
[34, 76, 85, 93]   2608
[67, 76, 85, 86]   3520
[67, 76, 85, 90]   3080
[34, 76, 85, 86, 90]   3896
[34, 76, 85, 86, 93]   2608
[67, 76, 85, 86, 90]   3080
[34, 38, 85, 86, 90]   2504
[34, 59, 63, 76, 85]   2488
[34, 59, 63, 76, 86]   2488
[34, 59, 63, 67, 85]   2500
[34, 59, 63, 67, 86]   2500
[23, 59, 63, 90, 93]   2672
[23, 59, 85, 90, 93]   2936
[34, 59, 63, 90, 93]   2960
[34, 59, 85, 90, 93]   3224
[34, 59, 85, 90, 116]   2352
[23, 59, 63, 86, 90]   2672
[23, 59, 63, 86, 93]   2776
[23, 59, 85, 86, 90]   2936
[23, 59, 85, 86, 93]   3040
[34, 59, 63, 86, 90]   3596
[34, 59, 63, 86, 93]   3136
[34, 59, 85, 86, 90]   4544
[34, 59, 85, 86, 93]   3472
[34, 59, 85, 86, 110]   2304
[34, 59, 85, 86, 116]   2352
[23, 59, 63, 85, 86]   2968
[23, 59, 63, 85, 90]   2672
[23, 59, 63, 85, 93]   2776
[34, 59, 63, 85, 86]   3964
[34, 59, 63, 85, 90]   3596
[34, 59, 63, 85, 93]   3136
[23, 59, 86, 90, 93]   2936
[34, 59, 86, 90, 93]   3224
[34, 59, 86, 90, 116]   2352
[34, 59, 67, 86, 90]   2960
[34, 59, 67, 86, 93]   2320
[34, 59, 67, 85, 86]   3304
[34, 59, 67, 85, 90]   2960
[34, 59, 67, 85, 93]   2320
[34, 59, 67, 76, 85]   2632
[34, 59, 67, 76, 86]   2632
[34, 59, 67, 76, 90]   2336
[34, 59, 76, 86, 90]   2936
[34, 59, 76, 86, 93]   2320
[34, 59, 76, 85, 86]   3280
[34, 59, 76, 85, 90]   2936
[34, 59, 76, 85, 93]   2320
[23, 39, 59, 90, 93]   2576
[34, 39, 59, 90, 93]   2576
[23, 39, 59, 86, 90]   2576
[23, 39, 59, 86, 93]   2680
[34, 39, 59, 86, 90]   2960
[34, 39, 59, 86, 93]   2824
[23, 39, 59, 63, 85]   2608
[23, 39, 59, 63, 86]   2608
[23, 39, 59, 63, 90]   2312
[23, 39, 59, 63, 93]   2416
[23, 39, 59, 85, 86]   2872
[23, 39, 59, 85, 90]   2576
[23, 39, 59, 85, 93]   2680
[34, 39, 59, 63, 85]   2872
[34, 39, 59, 63, 86]   2872
[34, 39, 59, 63, 90]   2504
[34, 39, 59, 63, 93]   2488
[34, 39, 59, 85, 86]   3400
[34, 39, 59, 85, 90]   2960
[34, 39, 59, 85, 93]   2824
[23, 39, 63, 90, 93]   2384
[23, 39, 85, 90, 93]   2720
[34, 39, 63, 90, 93]   2384
[34, 39, 85, 90, 93]   2720
[23, 39, 63, 86, 90]   2384
[23, 39, 63, 86, 93]   2488
[23, 39, 85, 86, 90]   2720
[23, 39, 85, 86, 93]   2824
[34, 39, 63, 86, 90]   2768
[34, 39, 63, 86, 93]   2632
[34, 39, 85, 86, 90]   4784
[34, 39, 85, 86, 93]   3128
[23, 39, 63, 85, 86]   2680
[23, 39, 63, 85, 90]   2384
[23, 39, 63, 85, 93]   2488
[34, 39, 52, 85, 86]   2618
[34, 39, 63, 85, 86]   3208
[34, 39, 63, 85, 90]   2768
[34, 39, 63, 85, 93]   2632
[34, 39, 53, 86, 90]   2784
[34, 39, 53, 85, 86]   2784
[34, 39, 53, 85, 90]   2784
[23, 39, 86, 90, 93]   2720
[34, 39, 86, 90, 93]   2720
[34, 39, 67, 76, 85]   2392
[34, 39, 67, 76, 86]   2392
[34, 39, 56, 86, 90]   3312
[34, 39, 67, 86, 90]   2336
[34, 39, 56, 85, 86]   3432
[34, 39, 56, 85, 90]   3312
[34, 39, 67, 85, 86]   2824
[34, 39, 67, 85, 90]   2336
[34, 39, 76, 86, 90]   2336
[34, 39, 76, 85, 86]   2824
[34, 39, 76, 85, 90]   2336
[34, 53, 59, 86, 90]   3216
[34, 53, 59, 63, 85]   2520
[34, 53, 59, 63, 86]   2520
[34, 53, 59, 63, 90]   2520
[34, 53, 59, 85, 86]   3216
[34, 53, 59, 85, 90]   3216
[34, 53, 85, 90, 94]   2496
[34, 53, 85, 90, 110]   2832
[34, 53, 85, 90, 116]   2400
[34, 53, 63, 86, 90]   3216
[34, 53, 85, 86, 90]   4608
[34, 53, 85, 86, 94]   2496
[34, 53, 85, 86, 110]   2832
[34, 53, 85, 86, 116]   2400
[34, 53, 63, 85, 86]   3216
[34, 53, 63, 85, 90]   3216
[34, 53, 67, 86, 90]   2592
[34, 53, 67, 85, 86]   2592
[34, 53, 67, 85, 90]   2592
[34, 53, 76, 86, 90]   2592
[34, 53, 76, 85, 86]   2592
[34, 53, 76, 85, 90]   2592
[34, 53, 86, 90, 94]   2496
[34, 53, 86, 90, 110]   2832
[34, 53, 86, 90, 116]   2400
[1, 85, 86, 90, 110]   2776
[23, 63, 86, 90, 93]   2744
[23, 85, 86, 90, 93]   3080
[34, 63, 86, 90, 93]   3032
[34, 63, 86, 90, 116]   2304
[34, 85, 86, 90, 93]   3368
[34, 85, 86, 90, 94]   2576
[34, 85, 86, 90, 110]   3856
[34, 85, 86, 90, 116]   3104
[56, 85, 86, 90, 93]   2312
[56, 85, 86, 90, 116]   2448
[23, 63, 85, 90, 93]   2744
[34, 63, 85, 90, 93]   3032
[34, 63, 85, 90, 116]   2304
[23, 63, 85, 86, 90]   2744
[23, 63, 85, 86, 93]   2848
[34, 52, 85, 86, 90]   2680
[34, 63, 85, 86, 90]   4304
[34, 63, 85, 86, 93]   3280
[34, 63, 85, 86, 116]   2304
[34, 63, 67, 86, 90]   2720
[34, 63, 67, 85, 86]   3064
[34, 63, 67, 85, 90]   2720
[34, 63, 67, 76, 85]   2392
[34, 63, 67, 76, 86]   2392
[34, 63, 76, 86, 90]   2696
[34, 63, 76, 85, 86]   3040
[34, 63, 76, 85, 90]   2696
[34, 36, 63, 76, 85]   2312
[34, 36, 63, 76, 86]   2312
[34, 36, 63, 67, 85]   2312
[34, 36, 63, 67, 86]   2312
[23, 36, 63, 85, 86]   2936
[23, 36, 63, 85, 90]   2640
[23, 36, 63, 85, 93]   2744
[34, 36, 52, 85, 86]   2858
[34, 36, 52, 85, 90]   2528
[34, 36, 63, 85, 86]   3992
[34, 36, 63, 85, 90]   3696
[34, 36, 63, 85, 93]   2936
[1, 36, 85, 90, 110]   2728
[23, 36, 63, 90, 93]   2640
[23, 36, 85, 90, 93]   2976
[34, 36, 63, 90, 93]   2832
[34, 36, 85, 90, 93]   3168
[34, 36, 85, 90, 110]   3664
[34, 36, 85, 90, 116]   2912
[1, 36, 85, 86, 90]   3696
[1, 36, 85, 86, 110]   2800
[23, 36, 63, 86, 90]   2640
[23, 36, 63, 86, 93]   2744
[23, 36, 85, 86, 90]   2976
[23, 36, 85, 86, 93]   3080
[34, 36, 52, 86, 90]   2528
[34, 36, 63, 86, 90]   3696
[34, 36, 63, 86, 93]   2936
[34, 36, 85, 86, 90]   6272
[34, 36, 85, 86, 93]   3288
[34, 36, 85, 86, 110]   3752
[34, 36, 85, 86, 116]   2938
[34, 36, 53, 86, 90]   3744
[34, 36, 53, 86, 110]   2736
[34, 36, 53, 86, 116]   2304
[34, 36, 53, 63, 85]   2736
[34, 36, 53, 63, 86]   2736
[34, 36, 53, 63, 90]   2736
[34, 36, 53, 85, 86]   3744
[34, 36, 53, 85, 90]   3744
[34, 36, 53, 85, 110]   2736
[34, 36, 53, 85, 116]   2304
[34, 36, 53, 59, 85]   2736
[34, 36, 53, 59, 86]   2736
[34, 36, 53, 59, 90]   2736
[1, 36, 86, 90, 110]   2728
[23, 36, 86, 90, 93]   2976
[34, 36, 53, 90, 110]   2736
[34, 36, 53, 90, 116]   2304
[34, 36, 86, 90, 93]   3168
[34, 36, 86, 90, 110]   3664
[34, 36, 86, 90, 116]   2912
[34, 36, 39, 56, 85]   3432
[34, 36, 39, 56, 86]   3432
[34, 36, 39, 56, 90]   3312
[23, 36, 39, 90, 93]   2720
[34, 36, 39, 90, 93]   2720
[23, 36, 39, 86, 90]   2720
[23, 36, 39, 86, 93]   2824
[34, 36, 39, 86, 90]   4016
[34, 36, 39, 86, 93]   2840
[23, 36, 39, 63, 85]   2680
[23, 36, 39, 63, 86]   2680
[23, 36, 39, 63, 90]   2384
[23, 36, 39, 63, 93]   2488
[23, 36, 39, 85, 86]   3016
[23, 36, 39, 85, 90]   2720
[23, 36, 39, 85, 93]   2824
[34, 36, 39, 52, 85]   2330
[34, 36, 39, 52, 86]   2330
[34, 36, 39, 63, 85]   2680
[34, 36, 39, 63, 86]   2680
[34, 36, 39, 63, 90]   2384
[34, 36, 39, 63, 93]   2488
[34, 36, 39, 85, 86]   4346
[34, 36, 39, 85, 90]   4016
[34, 36, 39, 85, 93]   2840
[23, 36, 39, 59, 63]   2608
[23, 36, 39, 59, 85]   2872
[23, 36, 39, 59, 86]   2872
[23, 36, 39, 59, 90]   2576
[23, 36, 39, 59, 93]   2680
[34, 36, 39, 59, 63]   2608
[34, 36, 39, 59, 85]   2872
[34, 36, 39, 59, 86]   2872
[34, 36, 39, 59, 90]   2576
[34, 36, 39, 59, 93]   2680
[34, 36, 59, 76, 85]   2552
[34, 36, 59, 76, 86]   2552
[34, 36, 59, 76, 90]   2352
[34, 36, 59, 67, 85]   2552
[34, 36, 59, 67, 86]   2552
[34, 36, 59, 67, 90]   2352
[23, 36, 59, 90, 93]   2832
[34, 36, 59, 90, 93]   3024
[23, 36, 59, 86, 90]   2832
[23, 36, 59, 86, 93]   2936
[34, 36, 59, 86, 90]   3936
[34, 36, 59, 86, 93]   3128
[23, 36, 59, 63, 85]   2864
[23, 36, 59, 63, 86]   2864
[23, 36, 59, 63, 90]   2568
[23, 36, 59, 63, 93]   2672
[23, 36, 59, 85, 86]   3128
[23, 36, 59, 85, 90]   2832
[23, 36, 59, 85, 93]   2936
[34, 36, 59, 63, 85]   3488
[34, 36, 59, 63, 86]   3488
[34, 36, 59, 63, 90]   3192
[34, 36, 59, 63, 93]   2864
[34, 36, 59, 85, 86]   4232
[34, 36, 59, 85, 90]   3936
[34, 36, 59, 85, 93]   3128
[34, 36, 56, 86, 90]   3408
[34, 36, 67, 86, 90]   2960
[34, 36, 56, 85, 86]   3528
[34, 36, 56, 85, 90]   3408
[34, 36, 67, 85, 86]   3160
[34, 36, 67, 85, 90]   2960
[34, 36, 76, 86, 90]   2928
[34, 36, 76, 85, 86]   3128
[34, 36, 76, 85, 90]   2928
[23, 34, 36, 59, 63]   2864
[23, 34, 36, 59, 85]   3128
[23, 34, 36, 59, 86]   3128
[23, 34, 36, 59, 90]   2832
[23, 34, 36, 59, 93]   2936
[23, 34, 36, 39, 59]   2872
[23, 34, 36, 39, 63]   2680
[23, 34, 36, 39, 85]   3016
[23, 34, 36, 39, 86]   3016
[23, 34, 36, 39, 90]   2720
[23, 34, 36, 39, 93]   2824
[1, 34, 36, 90, 110]   2728
[23, 34, 36, 90, 93]   2976
[1, 34, 36, 86, 90]   3696
[1, 34, 36, 86, 110]   2800
[23, 34, 36, 86, 90]   2976
[23, 34, 36, 86, 93]   3080
[1, 34, 36, 85, 86]   3786
[1, 34, 36, 85, 90]   3696
[1, 34, 36, 85, 110]   2800
[23, 34, 36, 63, 85]   2936
[23, 34, 36, 63, 86]   2936
[23, 34, 36, 63, 90]   2640
[23, 34, 36, 63, 93]   2744
[23, 34, 36, 85, 86]   3272
[23, 34, 36, 85, 90]   2976
[23, 34, 36, 85, 93]   3080
[23, 34, 63, 85, 86]   3040
[23, 34, 63, 85, 90]   2744
[23, 34, 63, 85, 93]   2848
[1, 34, 85, 90, 110]   2776
[23, 34, 63, 90, 93]   2744
[23, 34, 85, 90, 93]   3080
[34, 56, 85, 90, 93]   2312
[34, 56, 85, 90, 116]   2448
[1, 34, 85, 86, 90]   3800
[1, 34, 85, 86, 110]   2848
[23, 34, 63, 86, 90]   2744
[23, 34, 63, 86, 93]   2848
[23, 34, 85, 86, 90]   3080
[23, 34, 85, 86, 93]   3184
[34, 56, 85, 86, 90]   3656
[34, 56, 85, 86, 93]   2432
[34, 56, 85, 86, 116]   2456
[34, 67, 85, 86, 90]   3976
[34, 67, 85, 86, 93]   2608
[1, 34, 86, 90, 110]   2776
[23, 34, 86, 90, 93]   3080
[34, 56, 86, 90, 93]   2312
[34, 56, 86, 90, 116]   2448
[23, 34, 39, 90, 93]   2720
[23, 34, 39, 86, 90]   2720
[23, 34, 39, 86, 93]   2824
[23, 34, 39, 63, 85]   2680
[23, 34, 39, 63, 86]   2680
[23, 34, 39, 63, 90]   2384
[23, 34, 39, 63, 93]   2488
[23, 34, 39, 85, 86]   3016
[23, 34, 39, 85, 90]   2720
[23, 34, 39, 85, 93]   2824
[23, 34, 39, 59, 63]   2608
[23, 34, 39, 59, 85]   2872
[23, 34, 39, 59, 86]   2872
[23, 34, 39, 59, 90]   2576
[23, 34, 39, 59, 93]   2680
[23, 34, 59, 90, 93]   2936
[23, 34, 59, 86, 90]   2936
[23, 34, 59, 86, 93]   3040
[23, 34, 59, 63, 85]   2968
[23, 34, 59, 63, 86]   2968
[23, 34, 59, 63, 90]   2672
[23, 34, 59, 63, 93]   2776
[23, 34, 59, 85, 86]   3232
[23, 34, 59, 85, 90]   2936
[23, 34, 59, 85, 93]   3040
[34, 67, 76, 86, 90]   3080
[34, 67, 76, 85, 86]   3520
[34, 67, 76, 85, 90]   3080
[1, 24, 34, 90, 110]   2504
[1, 24, 34, 86, 90]   3248
[1, 24, 34, 86, 110]   2504
[1, 24, 34, 85, 86]   3266
[1, 24, 34, 85, 90]   3256
[1, 24, 34, 85, 110]   2504
[1, 24, 34, 36, 85]   3170
[1, 24, 34, 36, 86]   3170
[1, 24, 34, 36, 90]   3152
[1, 24, 34, 36, 110]   2456
[1, 24, 36, 90, 110]   2456
[1, 24, 36, 86, 90]   3152
[1, 24, 36, 86, 110]   2456
[1, 24, 36, 85, 86]   3188
[1, 24, 36, 85, 90]   3152
[1, 24, 36, 85, 110]   2456
[1, 24, 85, 90, 110]   2504
[1, 24, 85, 86, 90]   3248
[1, 24, 85, 86, 110]   2504
[1, 24, 86, 90, 110]   2504
[2, 63, 85, 90, 93]   2624
[2, 63, 85, 86, 90]   2840
[2, 63, 85, 86, 93]   2608
[2, 63, 86, 90, 93]   2432
[2, 85, 86, 90, 93]   2624
[24, 85, 86, 90, 94]   2576
[24, 85, 86, 90, 110]   2624
[2, 59, 63, 90, 93]   2624
[2, 59, 85, 90, 93]   2816
[2, 59, 63, 86, 90]   2636
[2, 59, 63, 86, 93]   2536
[2, 59, 85, 86, 90]   3080
[2, 59, 85, 86, 93]   2800
[2, 59, 63, 85, 86]   2932
[2, 59, 63, 85, 90]   2828
[2, 59, 63, 85, 93]   2728
[2, 59, 86, 90, 93]   2624
[24, 53, 85, 90, 94]   2496
[2, 53, 85, 86, 90]   2592
[24, 53, 85, 86, 90]   2496
[24, 53, 85, 86, 94]   2496
[24, 53, 86, 90, 94]   2496
[2, 36, 39, 90, 93]   2624
[2, 36, 39, 86, 90]   2432
[2, 36, 39, 86, 93]   2480
[2, 36, 39, 63, 85]   2656
[2, 36, 39, 63, 86]   2464
[2, 36, 39, 63, 90]   2432
[2, 36, 39, 63, 93]   2464
[2, 36, 39, 85, 86]   2672
[2, 36, 39, 85, 90]   2624
[2, 36, 39, 85, 93]   2672
[2, 36, 39, 59, 63]   2656
[2, 36, 39, 59, 85]   2848
[2, 36, 39, 59, 86]   2656
[2, 36, 39, 59, 90]   2624
[2, 36, 39, 59, 93]   2656
[2, 36, 59, 90, 93]   2720
[2, 36, 59, 86, 90]   2576
[2, 36, 59, 86, 93]   2560
[2, 36, 59, 63, 85]   2752
[2, 36, 59, 63, 86]   2560
[2, 36, 59, 63, 90]   2528
[2, 36, 59, 63, 93]   2560
[2, 36, 59, 85, 86]   2800
[2, 36, 59, 85, 90]   2768
[2, 36, 59, 85, 93]   2752
[2, 36, 63, 90, 93]   2528
[2, 36, 85, 90, 93]   2720
[24, 36, 85, 90, 110]   2624
[2, 36, 63, 86, 90]   2336
[2, 36, 63, 86, 93]   2368
[2, 36, 85, 86, 90]   2576
[2, 36, 85, 86, 93]   2576
[24, 36, 85, 86, 90]   3296
[24, 36, 85, 86, 110]   2528
[2, 36, 63, 85, 86]   2560
[2, 36, 63, 85, 90]   2528
[2, 36, 63, 85, 93]   2560
[2, 36, 86, 90, 93]   2528
[24, 36, 86, 90, 110]   2528
[2, 28, 34, 63, 85]   2600
[2, 28, 34, 63, 86]   2600
[2, 28, 34, 85, 86]   3216
[2, 28, 34, 85, 90]   2688
[2, 39, 67, 85, 86]   2464
[2, 28, 34, 59, 63]   2324
[2, 28, 34, 59, 85]   2648
[2, 28, 34, 59, 86]   2648
[2, 28, 34, 53, 85]   2496
[2, 28, 34, 53, 86]   2496
[2, 28, 34, 53, 90]   2496
[2, 28, 34, 86, 90]   2688
[2, 28, 34, 39, 53]   2496
[2, 28, 34, 39, 59]   2480
[2, 28, 34, 39, 63]   2480
[2, 28, 34, 39, 85]   3024
[2, 28, 34, 39, 86]   3024
[2, 28, 34, 39, 90]   2496
[2, 28, 39, 63, 85]   2672
[2, 28, 39, 63, 86]   2480
[2, 28, 39, 63, 90]   2304
[2, 28, 39, 85, 86]   3024
[2, 28, 39, 85, 90]   2688
[2, 28, 39, 59, 63]   2408
[2, 28, 39, 59, 85]   2672
[2, 28, 39, 59, 86]   2480
[2, 28, 39, 59, 90]   2304
[2, 28, 39, 53, 85]   2496
[2, 28, 39, 53, 86]   2496
[2, 28, 39, 53, 90]   2496
[2, 28, 39, 86, 90]   2496
[2, 39, 86, 90, 93]   2432
[2, 28, 53, 86, 90]   2496
[2, 39, 53, 86, 90]   2496
[2, 28, 53, 85, 86]   2496
[2, 28, 53, 85, 90]   2496
[2, 39, 53, 85, 86]   2496
[2, 39, 53, 85, 90]   2496
[2, 39, 59, 90, 93]   2624
[2, 39, 59, 86, 90]   2816
[2, 39, 59, 86, 93]   2608
[2, 28, 59, 63, 85]   2516
[2, 28, 59, 63, 86]   2324
[2, 28, 59, 85, 86]   2648
[2, 28, 59, 85, 90]   2472
[2, 39, 59, 63, 85]   2920
[2, 39, 59, 63, 86]   2728
[2, 39, 59, 63, 90]   2624
[2, 39, 59, 63, 93]   2536
[2, 39, 59, 85, 86]   3184
[2, 39, 59, 85, 90]   3008
[2, 39, 59, 85, 93]   2800
[2, 39, 63, 90, 93]   2432
[2, 39, 85, 90, 93]   2624
[2, 28, 85, 86, 90]   2688
[2, 39, 63, 86, 90]   2624
[2, 39, 63, 86, 93]   2416
[2, 39, 85, 86, 90]   3200
[2, 39, 85, 86, 93]   2768
[2, 28, 63, 85, 86]   2600
[2, 28, 63, 85, 90]   2424
[2, 39, 63, 85, 86]   2992
[2, 39, 63, 85, 90]   2816
[2, 39, 63, 85, 93]   2608
[2, 39, 76, 85, 86]   2464
[2, 23, 34, 90, 93]   2528
[2, 23, 34, 86, 90]   2528
[2, 23, 34, 86, 93]   2560
[2, 34, 67, 86, 90]   2336
[2, 23, 34, 63, 85]   2560
[2, 23, 34, 63, 86]   2560
[2, 23, 34, 63, 90]   2336
[2, 23, 34, 63, 93]   2368
[2, 23, 34, 85, 86]   2752
[2, 23, 34, 85, 90]   2528
[2, 23, 34, 85, 93]   2560
[2, 34, 67, 85, 86]   2752
[2, 34, 67, 85, 90]   2336
[24, 34, 67, 85, 86]   2336
[2, 23, 34, 59, 63]   2560
[2, 23, 34, 59, 85]   2752
[2, 23, 34, 59, 86]   2752
[2, 23, 34, 59, 90]   2528
[2, 23, 34, 59, 93]   2560
[2, 23, 34, 39, 59]   2656
[2, 23, 34, 39, 63]   2464
[2, 23, 34, 39, 85]   2656
[2, 23, 34, 39, 86]   2656
[2, 23, 34, 39, 90]   2432
[2, 23, 34, 39, 93]   2464
[2, 23, 34, 36, 39]   2656
[2, 23, 34, 36, 59]   2656
[2, 23, 34, 36, 63]   2464
[2, 23, 34, 36, 85]   2656
[2, 23, 34, 36, 86]   2656
[2, 23, 34, 36, 90]   2432
[2, 23, 34, 36, 93]   2464
[2, 23, 36, 90, 93]   2432
[2, 34, 36, 90, 93]   2528
[24, 34, 36, 90, 110]   2528
[2, 23, 36, 86, 90]   2432
[2, 23, 36, 86, 93]   2464
[2, 34, 36, 86, 90]   2576
[2, 34, 36, 86, 93]   2576
[24, 34, 36, 86, 90]   3296
[24, 34, 36, 86, 110]   2528
[2, 23, 36, 63, 85]   2464
[2, 23, 36, 63, 86]   2464
[2, 23, 36, 85, 86]   2656
[2, 23, 36, 85, 90]   2432
[2, 23, 36, 85, 93]   2464
[2, 34, 36, 63, 85]   2560
[2, 34, 36, 63, 86]   2560
[2, 34, 36, 63, 90]   2336
[2, 34, 36, 63, 93]   2368
[2, 34, 36, 85, 86]   2816
[2, 34, 36, 85, 90]   2576
[2, 34, 36, 85, 93]   2576
[24, 34, 36, 85, 86]   3330
[24, 34, 36, 85, 90]   3296
[24, 34, 36, 85, 110]   2528
[2, 23, 36, 59, 63]   2464
[2, 23, 36, 59, 85]   2656
[2, 23, 36, 59, 86]   2656
[2, 23, 36, 59, 90]   2432
[2, 23, 36, 59, 93]   2464
[2, 34, 36, 59, 63]   2560
[2, 34, 36, 59, 85]   2800
[2, 34, 36, 59, 86]   2800
[2, 34, 36, 59, 90]   2576
[2, 34, 36, 59, 93]   2560
[2, 23, 36, 39, 59]   2656
[2, 23, 36, 39, 63]   2464
[2, 23, 36, 39, 85]   2656
[2, 23, 36, 39, 86]   2656
[2, 23, 36, 39, 90]   2432
[2, 23, 36, 39, 93]   2464
[2, 34, 36, 39, 59]   2656
[2, 34, 36, 39, 63]   2464
[2, 34, 36, 39, 85]   2672
[2, 34, 36, 39, 86]   2672
[2, 34, 36, 39, 90]   2432
[2, 34, 36, 39, 93]   2480
[2, 34, 39, 76, 85]   2464
[2, 34, 39, 76, 86]   2464
[2, 34, 39, 67, 85]   2464
[2, 34, 39, 67, 86]   2464
[2, 23, 39, 90, 93]   2432
[2, 34, 39, 90, 93]   2432
[2, 23, 39, 86, 90]   2432
[2, 23, 39, 86, 93]   2464
[2, 34, 39, 53, 85]   2496
[2, 34, 39, 53, 86]   2496
[2, 34, 39, 53, 90]   2496
[2, 34, 39, 86, 90]   3200
[2, 34, 39, 86, 93]   2768
[2, 23, 39, 63, 85]   2464
[2, 23, 39, 63, 86]   2464
[2, 23, 39, 85, 86]   2656
[2, 23, 39, 85, 90]   2432
[2, 23, 39, 85, 93]   2464
[2, 34, 39, 63, 85]   2992
[2, 34, 39, 63, 86]   2992
[2, 34, 39, 63, 90]   2624
[2, 34, 39, 63, 93]   2416
[2, 34, 39, 85, 86]   3728
[2, 34, 39, 85, 90]   3200
[2, 34, 39, 85, 93]   2768
[24, 34, 39, 85, 86]   2386
[24, 34, 61, 85, 86]   2354
[2, 23, 39, 59, 63]   2464
[2, 23, 39, 59, 85]   2656
[2, 23, 39, 59, 86]   2656
[2, 23, 39, 59, 90]   2432
[2, 23, 39, 59, 93]   2464
[2, 34, 39, 59, 63]   2728
[2, 34, 39, 59, 85]   3184
[2, 34, 39, 59, 86]   3184
[2, 34, 39, 59, 90]   2816
[2, 34, 39, 59, 93]   2608
[2, 23, 59, 90, 93]   2528
[2, 34, 59, 90, 93]   2624
[2, 23, 59, 86, 90]   2528
[2, 23, 59, 86, 93]   2560
[2, 34, 59, 86, 90]   3080
[2, 34, 59, 86, 93]   2800
[2, 23, 59, 63, 85]   2560
[2, 23, 59, 63, 86]   2560
[2, 23, 59, 63, 90]   2336
[2, 23, 59, 63, 93]   2368
[2, 23, 59, 85, 86]   2752
[2, 23, 59, 85, 90]   2528
[2, 23, 59, 85, 93]   2560
[2, 34, 59, 63, 85]   2932
[2, 34, 59, 63, 86]   2932
[2, 34, 59, 63, 90]   2636
[2, 34, 59, 63, 93]   2536
[2, 34, 59, 85, 86]   3448
[2, 34, 59, 85, 90]   3080
[2, 34, 59, 85, 93]   2800
[2, 23, 63, 90, 93]   2336
[2, 23, 85, 90, 93]   2528
[2, 34, 63, 90, 93]   2432
[2, 34, 85, 90, 93]   2624
[24, 34, 85, 90, 94]   2584
[24, 34, 85, 90, 110]   2624
[2, 23, 63, 86, 90]   2336
[2, 23, 63, 86, 93]   2368
[2, 23, 85, 86, 90]   2528
[2, 23, 85, 86, 93]   2560
[2, 34, 63, 86, 90]   2840
[2, 34, 63, 86, 93]   2608
[2, 34, 85, 86, 90]   3488
[2, 34, 85, 86, 93]   2960
[2, 67, 85, 86, 90]   2336
[24, 34, 85, 86, 90]   4208
[24, 34, 85, 86, 94]   2576
[24, 34, 85, 86, 110]   2624
[2, 23, 63, 85, 86]   2560
[2, 23, 63, 85, 90]   2336
[2, 23, 63, 85, 93]   2368
[2, 34, 63, 85, 86]   3208
[2, 34, 63, 85, 90]   2840
[2, 34, 63, 85, 93]   2608
[2, 34, 53, 86, 90]   2592
[24, 34, 53, 86, 90]   2496
[24, 34, 53, 86, 94]   2496
[2, 34, 53, 85, 86]   2592
[2, 34, 53, 85, 90]   2592
[24, 34, 53, 85, 86]   2496
[24, 34, 53, 85, 90]   2496
[24, 34, 53, 85, 94]   2496
[2, 23, 86, 90, 93]   2528
[2, 34, 86, 90, 93]   2624
[24, 34, 53, 90, 94]   2496
[24, 34, 86, 90, 94]   2576
[24, 34, 86, 90, 110]   2624
[2, 34, 76, 85, 86]   2704
[24, 34, 66, 85, 86]   2304
[36, 76, 85, 86, 90]   2928
[36, 53, 59, 86, 90]   2736
[36, 53, 59, 85, 86]   2736
[36, 53, 59, 85, 90]   2736
[36, 53, 85, 90, 110]   2736
[36, 53, 85, 90, 116]   2304
[36, 53, 63, 86, 90]   2736
[36, 53, 85, 86, 90]   3744
[36, 53, 85, 86, 110]   2736
[36, 53, 85, 86, 116]   2304
[36, 53, 63, 85, 86]   2736
[36, 53, 63, 85, 90]   2736
[36, 53, 86, 90, 110]   2736
[36, 53, 86, 90, 116]   2304
[36, 63, 86, 90, 93]   2832
[36, 85, 86, 90, 93]   3168
[36, 85, 86, 90, 110]   3664
[36, 85, 86, 90, 116]   2912
[36, 63, 85, 90, 93]   3024
[36, 52, 85, 86, 90]   2528
[36, 63, 85, 86, 90]   3696
[36, 63, 85, 86, 93]   2936
[36, 63, 67, 85, 86]   2312
[36, 63, 76, 85, 86]   2312
[36, 59, 63, 90, 93]   2952
[36, 59, 85, 90, 93]   3216
[36, 59, 63, 86, 90]   3192
[36, 59, 63, 86, 93]   2864
[36, 59, 85, 86, 90]   3936
[36, 59, 85, 86, 93]   3128
[36, 59, 63, 85, 86]   3488
[36, 59, 63, 85, 90]   3384
[36, 59, 63, 85, 93]   3056
[36, 59, 67, 86, 90]   2352
[36, 59, 67, 85, 86]   2552
[36, 59, 67, 85, 90]   2352
[36, 59, 76, 86, 90]   2352
[36, 59, 76, 85, 86]   2552
[36, 59, 76, 85, 90]   2352
[36, 59, 86, 90, 93]   3024
[36, 39, 63, 90, 93]   2576
[36, 39, 85, 90, 93]   2912
[36, 39, 52, 85, 86]   2348
[36, 39, 63, 85, 86]   2680
[36, 39, 63, 85, 90]   2576
[36, 39, 63, 85, 93]   2680
[3, 39, 85, 86, 90]   2392
[36, 39, 63, 86, 90]   2384
[36, 39, 63, 86, 93]   2488
[36, 39, 85, 86, 90]   4016
[36, 39, 85, 86, 93]   2840
[36, 39, 86, 90, 93]   2720
[36, 39, 56, 86, 90]   3312
[36, 39, 56, 85, 86]   3432
[36, 39, 56, 85, 90]   3312
[36, 39, 59, 90, 93]   2768
[36, 39, 59, 86, 90]   2576
[36, 39, 59, 86, 93]   2680
[36, 39, 59, 63, 85]   2800
[36, 39, 59, 63, 86]   2608
[36, 39, 59, 63, 90]   2504
[36, 39, 59, 63, 93]   2608
[36, 39, 59, 85, 86]   2872
[36, 39, 59, 85, 90]   2768
[36, 39, 59, 85, 93]   2872
[3, 36, 85, 86, 90]   2872
[3, 34, 36, 86, 90]   2872
[3, 34, 36, 85, 86]   2962
[3, 34, 36, 85, 90]   2872
[3, 34, 39, 86, 90]   2392
[3, 34, 39, 85, 86]   2578
[3, 34, 39, 85, 90]   2392
[3, 34, 59, 85, 86]   2328
[3, 34, 85, 86, 90]   3416
[36, 56, 85, 86, 90]   3408
[36, 67, 85, 86, 90]   2960
[39, 76, 85, 86, 90]   2336
[39, 59, 63, 90, 93]   2504
[39, 59, 85, 90, 93]   2768
[39, 59, 63, 86, 90]   2504
[39, 59, 63, 86, 93]   2488
[39, 59, 85, 86, 90]   2960
[39, 59, 85, 86, 93]   2824
[28, 59, 63, 85, 86]   2404
[39, 59, 63, 85, 86]   2872
[39, 59, 63, 85, 90]   2696
[39, 59, 63, 85, 93]   2680
[39, 59, 86, 90, 93]   2576
[28, 53, 85, 86, 90]   2496
[39, 53, 85, 86, 90]   2784
[39, 63, 86, 90, 93]   2384
[39, 85, 86, 90, 93]   2720
[39, 63, 85, 90, 93]   2576
[39, 63, 85, 86, 90]   2768
[39, 63, 85, 86, 93]   2632
[28, 39, 53, 86, 90]   2496
[28, 39, 53, 85, 86]   2496
[28, 39, 53, 85, 90]   2496
[28, 39, 59, 63, 85]   2480
[28, 39, 59, 85, 86]   2552
[28, 39, 59, 85, 90]   2304
[28, 39, 85, 86, 90]   2496
[28, 39, 63, 85, 86]   2552
[28, 39, 63, 85, 90]   2304
[6, 36, 85, 86, 90]   2520
[28, 36, 59, 63, 85]   2312
[6, 34, 36, 86, 90]   2520
[6, 34, 36, 85, 86]   2646
[6, 34, 36, 85, 90]   2520
[28, 34, 63, 85, 86]   2680
[6, 34, 85, 86, 90]   2970
[28, 34, 85, 86, 90]   2728
[39, 56, 85, 86, 90]   3312
[39, 67, 85, 86, 90]   2336
[28, 34, 53, 86, 90]   2496
[28, 34, 53, 85, 86]   2496
[28, 34, 53, 85, 90]   2496
[28, 34, 39, 63, 85]   2552
[28, 34, 39, 63, 86]   2552
[28, 34, 39, 85, 86]   3096
[28, 34, 39, 85, 90]   2496
[28, 34, 39, 59, 85]   2552
[28, 34, 39, 59, 86]   2552
[28, 34, 39, 53, 85]   2496
[28, 34, 39, 53, 86]   2496
[28, 34, 39, 53, 90]   2496
[28, 34, 39, 86, 90]   2496
[28, 34, 59, 63, 85]   2404
[28, 34, 59, 63, 86]   2404
[28, 34, 59, 85, 86]   2728
[39, 67, 76, 85, 86]   2392
[53, 76, 85, 86, 90]   2592
[53, 59, 63, 86, 90]   2520
[53, 59, 85, 86, 90]   3216
[53, 59, 63, 85, 86]   2520
[53, 59, 63, 85, 90]   2520
[53, 63, 85, 86, 90]   3216
[53, 85, 86, 90, 94]   2496
[53, 85, 86, 90, 110]   2832
[53, 85, 86, 90, 116]   2400
[53, 67, 85, 86, 90]   2592
[10, 36, 85, 86, 90]   3016
[10, 34, 36, 86, 90]   3016
[10, 34, 36, 85, 86]   3190
[10, 34, 36, 85, 90]   3016
[10, 34, 85, 86, 90]   3044
[63, 76, 85, 86, 90]   2696
[63, 67, 76, 85, 86]   2392
[63, 67, 85, 86, 90]   2720
[63, 85, 86, 90, 93]   3032
[63, 85, 86, 90, 116]   2304
[59, 76, 85, 86, 90]   2936
[59, 76, 85, 86, 93]   2320
[59, 67, 76, 86, 90]   2336
[59, 67, 76, 85, 86]   2632
[59, 67, 76, 85, 90]   2336
[59, 67, 85, 86, 90]   2960
[59, 67, 85, 86, 93]   2320
[59, 63, 67, 85, 86]   2500
[59, 63, 76, 85, 86]   2488
[59, 63, 85, 90, 93]   3152
[59, 63, 85, 86, 90]   3596
[59, 63, 85, 86, 93]   3136
[59, 63, 86, 90, 93]   2960
[59, 85, 86, 90, 93]   3224
[59, 85, 86, 90, 116]   2352
[59, 63, 85, 86, 90, 93]   2960
[59, 67, 76, 85, 86, 90]   2336
[10, 34, 36, 85, 86, 90]   3016
[53, 59, 63, 85, 86, 90]   2520
[28, 34, 59, 63, 85, 86]   2404
[28, 34, 39, 53, 86, 90]   2496
[28, 34, 39, 53, 85, 86]   2496
[28, 34, 39, 53, 85, 90]   2496
[28, 34, 39, 59, 85, 86]   2552
[28, 34, 39, 85, 86, 90]   2496
[28, 34, 39, 63, 85, 86]   2552
[28, 34, 53, 85, 86, 90]   2496
[6, 34, 36, 85, 86, 90]   2520
[28, 39, 53, 85, 86, 90]   2496
[39, 63, 85, 86, 90, 93]   2384
[39, 59, 63, 85, 90, 93]   2504
[39, 59, 63, 85, 86, 90]   2504
[39, 59, 63, 85, 86, 93]   2488
[39, 59, 63, 86, 90, 93]   2312
[39, 59, 85, 86, 90, 93]   2576
[3, 34, 39, 85, 86, 90]   2392
[3, 34, 36, 85, 86, 90]   2872
[36, 39, 59, 63, 90, 93]   2504
[36, 39, 59, 85, 90, 93]   2768
[36, 39, 59, 63, 86, 90]   2312
[36, 39, 59, 63, 86, 93]   2416
[36, 39, 59, 85, 86, 90]   2576
[36, 39, 59, 85, 86, 93]   2680
[36, 39, 59, 63, 85, 86]   2608
[36, 39, 59, 63, 85, 90]   2504
[36, 39, 59, 63, 85, 93]   2608
[36, 39, 59, 86, 90, 93]   2576
[36, 39, 56, 85, 86, 90]   3312
[36, 39, 63, 86, 90, 93]   2384
[36, 39, 85, 86, 90, 93]   2720
[36, 39, 63, 85, 90, 93]   2576
[36, 39, 63, 85, 86, 90]   2384
[36, 39, 63, 85, 86, 93]   2488
[36, 59, 76, 85, 86, 90]   2352
[36, 59, 67, 85, 86, 90]   2352
[36, 59, 63, 85, 90, 93]   2952
[36, 59, 63, 85, 86, 90]   3192
[36, 59, 63, 85, 86, 93]   2864
[36, 59, 63, 86, 90, 93]   2760
[36, 59, 85, 86, 90, 93]   3024
[36, 63, 85, 86, 90, 93]   2832
[36, 53, 63, 85, 86, 90]   2736
[36, 53, 85, 86, 90, 110]   2736
[36, 53, 85, 86, 90, 116]   2304
[36, 53, 59, 85, 86, 90]   2736
[24, 34, 53, 85, 90, 94]   2496
[2, 34, 53, 85, 86, 90]   2592
[24, 34, 53, 85, 86, 90]   2496
[24, 34, 53, 85, 86, 94]   2496
[24, 34, 53, 86, 90, 94]   2496
[2, 23, 63, 85, 90, 93]   2336
[2, 34, 63, 85, 90, 93]   2432
[2, 23, 63, 85, 86, 90]   2336
[2, 23, 63, 85, 86, 93]   2368
[2, 34, 63, 85, 86, 90]   2840
[2, 34, 63, 85, 86, 93]   2608
[2, 23, 63, 86, 90, 93]   2336
[2, 23, 85, 86, 90, 93]   2528
[2, 34, 63, 86, 90, 93]   2432
[2, 34, 85, 86, 90, 93]   2624
[24, 34, 85, 86, 90, 94]   2576
[24, 34, 85, 86, 90, 110]   2624
[2, 23, 59, 63, 90, 93]   2336
[2, 23, 59, 85, 90, 93]   2528
[2, 34, 59, 63, 90, 93]   2432
[2, 34, 59, 85, 90, 93]   2624
[2, 23, 59, 63, 86, 90]   2336
[2, 23, 59, 63, 86, 93]   2368
[2, 23, 59, 85, 86, 90]   2528
[2, 23, 59, 85, 86, 93]   2560
[2, 34, 59, 63, 86, 90]   2636
[2, 34, 59, 63, 86, 93]   2536
[2, 34, 59, 85, 86, 90]   3080
[2, 34, 59, 85, 86, 93]   2800
[2, 23, 59, 63, 85, 86]   2560
[2, 23, 59, 63, 85, 90]   2336
[2, 23, 59, 63, 85, 93]   2368
[2, 34, 59, 63, 85, 86]   2932
[2, 34, 59, 63, 85, 90]   2636
[2, 34, 59, 63, 85, 93]   2536
[2, 23, 59, 86, 90, 93]   2528
[2, 34, 59, 86, 90, 93]   2624
[2, 23, 39, 59, 90, 93]   2432
[2, 34, 39, 59, 90, 93]   2432
[2, 23, 39, 59, 86, 90]   2432
[2, 23, 39, 59, 86, 93]   2464
[2, 34, 39, 59, 86, 90]   2816
[2, 34, 39, 59, 86, 93]   2608
[2, 23, 39, 59, 63, 85]   2464
[2, 23, 39, 59, 63, 86]   2464
[2, 23, 39, 59, 85, 86]   2656
[2, 23, 39, 59, 85, 90]   2432
[2, 23, 39, 59, 85, 93]   2464
[2, 34, 39, 59, 63, 85]   2728
[2, 34, 39, 59, 63, 86]   2728
[2, 34, 39, 59, 63, 90]   2432
[2, 34, 39, 59, 63, 93]   2344
[2, 34, 39, 59, 85, 86]   3184
[2, 34, 39, 59, 85, 90]   2816
[2, 34, 39, 59, 85, 93]   2608
[2, 23, 39, 85, 90, 93]   2432
[2, 34, 39, 85, 90, 93]   2432
[2, 23, 39, 85, 86, 90]   2432
[2, 23, 39, 85, 86, 93]   2464
[2, 34, 39, 63, 86, 90]   2624
[2, 34, 39, 63, 86, 93]   2416
[2, 34, 39, 85, 86, 90]   3200
[2, 34, 39, 85, 86, 93]   2768
[2, 23, 39, 63, 85, 86]   2464
[2, 34, 39, 63, 85, 86]   2992
[2, 34, 39, 63, 85, 90]   2624
[2, 34, 39, 63, 85, 93]   2416
[2, 34, 39, 53, 86, 90]   2496
[2, 34, 39, 53, 85, 86]   2496
[2, 34, 39, 53, 85, 90]   2496
[2, 23, 39, 86, 90, 93]   2432
[2, 34, 39, 86, 90, 93]   2432
[2, 34, 39, 67, 85, 86]   2464
[2, 34, 39, 76, 85, 86]   2464
[2, 23, 36, 39, 90, 93]   2432
[2, 34, 36, 39, 90, 93]   2432
[2, 23, 36, 39, 86, 90]   2432
[2, 23, 36, 39, 86, 93]   2464
[2, 34, 36, 39, 86, 90]   2432
[2, 34, 36, 39, 86, 93]   2480
[2, 23, 36, 39, 63, 85]   2464
[2, 23, 36, 39, 63, 86]   2464
[2, 23, 36, 39, 85, 86]   2656
[2, 23, 36, 39, 85, 90]   2432
[2, 23, 36, 39, 85, 93]   2464
[2, 34, 36, 39, 63, 85]   2464
[2, 34, 36, 39, 63, 86]   2464
[2, 34, 36, 39, 85, 86]   2672
[2, 34, 36, 39, 85, 90]   2432
[2, 34, 36, 39, 85, 93]   2480
[2, 23, 36, 39, 59, 63]   2464
[2, 23, 36, 39, 59, 85]   2656
[2, 23, 36, 39, 59, 86]   2656
[2, 23, 36, 39, 59, 90]   2432
[2, 23, 36, 39, 59, 93]   2464
[2, 34, 36, 39, 59, 63]   2464
[2, 34, 36, 39, 59, 85]   2656
[2, 34, 36, 39, 59, 86]   2656
[2, 34, 36, 39, 59, 90]   2432
[2, 34, 36, 39, 59, 93]   2464
[2, 23, 36, 59, 90, 93]   2432
[2, 34, 36, 59, 90, 93]   2528
[2, 23, 36, 59, 86, 90]   2432
[2, 23, 36, 59, 86, 93]   2464
[2, 34, 36, 59, 86, 90]   2576
[2, 34, 36, 59, 86, 93]   2560
[2, 23, 36, 59, 63, 85]   2464
[2, 23, 36, 59, 63, 86]   2464
[2, 23, 36, 59, 85, 86]   2656
[2, 23, 36, 59, 85, 90]   2432
[2, 23, 36, 59, 85, 93]   2464
[2, 34, 36, 59, 63, 85]   2560
[2, 34, 36, 59, 63, 86]   2560
[2, 34, 36, 59, 63, 90]   2336
[2, 34, 36, 59, 63, 93]   2368
[2, 34, 36, 59, 85, 86]   2800
[2, 34, 36, 59, 85, 90]   2576
[2, 34, 36, 59, 85, 93]   2560
[2, 23, 36, 85, 90, 93]   2432
[2, 34, 36, 63, 90, 93]   2336
[2, 34, 36, 85, 90, 93]   2528
[24, 34, 36, 85, 90, 110]   2528
[2, 23, 36, 85, 86, 90]   2432
[2, 23, 36, 85, 86, 93]   2464
[2, 34, 36, 63, 86, 90]   2336
[2, 34, 36, 63, 86, 93]   2368
[2, 34, 36, 85, 86, 90]   2576
[2, 34, 36, 85, 86, 93]   2576
[24, 34, 36, 85, 86, 90]   3296
[24, 34, 36, 85, 86, 110]   2528
[2, 23, 36, 63, 85, 86]   2464
[2, 34, 36, 63, 85, 86]   2560
[2, 34, 36, 63, 85, 90]   2336
[2, 34, 36, 63, 85, 93]   2368
[2, 23, 36, 86, 90, 93]   2432
[2, 34, 36, 86, 90, 93]   2528
[24, 34, 36, 86, 90, 110]   2528
[2, 23, 34, 36, 90, 93]   2432
[2, 23, 34, 36, 86, 90]   2432
[2, 23, 34, 36, 86, 93]   2464
[2, 23, 34, 36, 63, 85]   2464
[2, 23, 34, 36, 63, 86]   2464
[2, 23, 34, 36, 85, 86]   2656
[2, 23, 34, 36, 85, 90]   2432
[2, 23, 34, 36, 85, 93]   2464
[2, 23, 34, 36, 59, 63]   2464
[2, 23, 34, 36, 59, 85]   2656
[2, 23, 34, 36, 59, 86]   2656
[2, 23, 34, 36, 59, 90]   2432
[2, 23, 34, 36, 59, 93]   2464
[2, 23, 34, 36, 39, 59]   2656
[2, 23, 34, 36, 39, 63]   2464
[2, 23, 34, 36, 39, 85]   2656
[2, 23, 34, 36, 39, 86]   2656
[2, 23, 34, 36, 39, 90]   2432
[2, 23, 34, 36, 39, 93]   2464
[2, 23, 34, 39, 90, 93]   2432
[2, 23, 34, 39, 86, 90]   2432
[2, 23, 34, 39, 86, 93]   2464
[2, 23, 34, 39, 63, 85]   2464
[2, 23, 34, 39, 63, 86]   2464
[2, 23, 34, 39, 85, 86]   2656
[2, 23, 34, 39, 85, 90]   2432
[2, 23, 34, 39, 85, 93]   2464
[2, 23, 34, 39, 59, 63]   2464
[2, 23, 34, 39, 59, 85]   2656
[2, 23, 34, 39, 59, 86]   2656
[2, 23, 34, 39, 59, 90]   2432
[2, 23, 34, 39, 59, 93]   2464
[2, 23, 34, 59, 90, 93]   2528
[2, 23, 34, 59, 86, 90]   2528
[2, 23, 34, 59, 86, 93]   2560
[2, 23, 34, 59, 63, 85]   2560
[2, 23, 34, 59, 63, 86]   2560
[2, 23, 34, 59, 63, 90]   2336
[2, 23, 34, 59, 63, 93]   2368
[2, 23, 34, 59, 85, 86]   2752
[2, 23, 34, 59, 85, 90]   2528
[2, 23, 34, 59, 85, 93]   2560
[2, 23, 34, 63, 90, 93]   2336
[2, 23, 34, 85, 90, 93]   2528
[2, 23, 34, 63, 86, 90]   2336
[2, 23, 34, 63, 86, 93]   2368
[2, 23, 34, 85, 86, 90]   2528
[2, 23, 34, 85, 86, 93]   2560
[2, 34, 67, 85, 86, 90]   2336
[2, 23, 34, 63, 85, 86]   2560
[2, 23, 34, 63, 85, 90]   2336
[2, 23, 34, 63, 85, 93]   2368
[2, 23, 34, 86, 90, 93]   2528
[2, 39, 63, 85, 90, 93]   2432
[2, 39, 63, 85, 86, 90]   2624
[2, 39, 63, 85, 86, 93]   2416
[2, 39, 85, 86, 90, 93]   2432
[2, 39, 59, 63, 90, 93]   2432
[2, 39, 59, 85, 90, 93]   2624
[2, 39, 59, 63, 86, 90]   2432
[2, 39, 59, 63, 86, 93]   2344
[2, 39, 59, 85, 86, 90]   2816
[2, 39, 59, 85, 86, 93]   2608
[2, 28, 59, 63, 85, 86]   2324
[2, 39, 59, 63, 85, 86]   2728
[2, 39, 59, 63, 85, 90]   2624
[2, 39, 59, 63, 85, 93]   2536
[2, 39, 59, 86, 90, 93]   2432
[2, 28, 53, 85, 86, 90]   2496
[2, 39, 53, 85, 86, 90]   2496
[2, 28, 39, 53, 86, 90]   2496
[2, 28, 39, 53, 85, 86]   2496
[2, 28, 39, 53, 85, 90]   2496
[2, 28, 39, 59, 63, 85]   2408
[2, 28, 39, 59, 85, 86]   2480
[2, 28, 39, 59, 85, 90]   2304
[2, 28, 39, 85, 86, 90]   2496
[2, 28, 39, 63, 85, 86]   2480
[2, 28, 39, 63, 85, 90]   2304
[2, 28, 34, 39, 63, 85]   2480
[2, 28, 34, 39, 63, 86]   2480
[2, 28, 34, 39, 85, 86]   3024
[2, 28, 34, 39, 85, 90]   2496
[2, 28, 34, 39, 59, 85]   2480
[2, 28, 34, 39, 59, 86]   2480
[2, 28, 34, 39, 53, 85]   2496
[2, 28, 34, 39, 53, 86]   2496
[2, 28, 34, 39, 53, 90]   2496
[2, 28, 34, 39, 86, 90]   2496
[2, 28, 34, 53, 86, 90]   2496
[2, 28, 34, 53, 85, 86]   2496
[2, 28, 34, 53, 85, 90]   2496
[2, 28, 34, 59, 63, 85]   2324
[2, 28, 34, 59, 63, 86]   2324
[2, 28, 34, 59, 85, 86]   2648
[2, 28, 34, 85, 86, 90]   2688
[2, 28, 34, 63, 85, 86]   2600
[2, 36, 63, 85, 90, 93]   2528
[2, 36, 63, 85, 86, 90]   2336
[2, 36, 63, 85, 86, 93]   2368
[2, 36, 63, 86, 90, 93]   2336
[2, 36, 85, 86, 90, 93]   2528
[24, 36, 85, 86, 90, 110]   2528
[2, 36, 59, 63, 90, 93]   2528
[2, 36, 59, 85, 90, 93]   2720
[2, 36, 59, 63, 86, 90]   2336
[2, 36, 59, 63, 86, 93]   2368
[2, 36, 59, 85, 86, 90]   2576
[2, 36, 59, 85, 86, 93]   2560
[2, 36, 59, 63, 85, 86]   2560
[2, 36, 59, 63, 85, 90]   2528
[2, 36, 59, 63, 85, 93]   2560
[2, 36, 59, 86, 90, 93]   2528
[2, 36, 39, 59, 90, 93]   2624
[2, 36, 39, 59, 86, 90]   2432
[2, 36, 39, 59, 86, 93]   2464
[2, 36, 39, 59, 63, 85]   2656
[2, 36, 39, 59, 63, 86]   2464
[2, 36, 39, 59, 63, 90]   2432
[2, 36, 39, 59, 63, 93]   2464
[2, 36, 39, 59, 85, 86]   2656
[2, 36, 39, 59, 85, 90]   2624
[2, 36, 39, 59, 85, 93]   2656
[2, 36, 39, 63, 90, 93]   2432
[2, 36, 39, 85, 90, 93]   2624
[2, 36, 39, 85, 86, 90]   2432
[2, 36, 39, 85, 86, 93]   2480
[2, 36, 39, 63, 85, 86]   2464
[2, 36, 39, 63, 85, 90]   2432
[2, 36, 39, 63, 85, 93]   2464
[2, 36, 39, 86, 90, 93]   2432
[24, 53, 85, 86, 90, 94]   2496
[2, 59, 63, 85, 90, 93]   2624
[2, 59, 63, 85, 86, 90]   2636
[2, 59, 63, 85, 86, 93]   2536
[2, 59, 63, 86, 90, 93]   2432
[2, 59, 85, 86, 90, 93]   2624
[2, 63, 85, 86, 90, 93]   2432
[1, 24, 85, 86, 90, 110]   2504
[1, 24, 36, 85, 90, 110]   2456
[1, 24, 36, 85, 86, 90]   3152
[1, 24, 36, 85, 86, 110]   2456
[1, 24, 36, 86, 90, 110]   2456
[1, 24, 34, 36, 90, 110]   2456
[1, 24, 34, 36, 86, 90]   3152
[1, 24, 34, 36, 86, 110]   2456
[1, 24, 34, 36, 85, 86]   3170
[1, 24, 34, 36, 85, 90]   3152
[1, 24, 34, 36, 85, 110]   2456
[1, 24, 34, 85, 90, 110]   2504
[1, 24, 34, 85, 86, 90]   3248
[1, 24, 34, 85, 86, 110]   2504
[1, 24, 34, 86, 90, 110]   2504
[34, 67, 76, 85, 86, 90]   3080
[23, 34, 59, 63, 90, 93]   2672
[23, 34, 59, 85, 90, 93]   2936
[23, 34, 59, 63, 86, 90]   2672
[23, 34, 59, 63, 86, 93]   2776
[23, 34, 59, 85, 86, 90]   2936
[23, 34, 59, 85, 86, 93]   3040
[23, 34, 59, 63, 85, 86]   2968
[23, 34, 59, 63, 85, 90]   2672
[23, 34, 59, 63, 85, 93]   2776
[23, 34, 59, 86, 90, 93]   2936
[23, 34, 39, 59, 90, 93]   2576
[23, 34, 39, 59, 86, 90]   2576
[23, 34, 39, 59, 86, 93]   2680
[23, 34, 39, 59, 63, 85]   2608
[23, 34, 39, 59, 63, 86]   2608
[23, 34, 39, 59, 63, 90]   2312
[23, 34, 39, 59, 63, 93]   2416
[23, 34, 39, 59, 85, 86]   2872
[23, 34, 39, 59, 85, 90]   2576
[23, 34, 39, 59, 85, 93]   2680
[23, 34, 39, 63, 90, 93]   2384
[23, 34, 39, 85, 90, 93]   2720
[23, 34, 39, 63, 86, 90]   2384
[23, 34, 39, 63, 86, 93]   2488
[23, 34, 39, 85, 86, 90]   2720
[23, 34, 39, 85, 86, 93]   2824
[23, 34, 39, 63, 85, 86]   2680
[23, 34, 39, 63, 85, 90]   2384
[23, 34, 39, 63, 85, 93]   2488
[23, 34, 39, 86, 90, 93]   2720
[1, 34, 85, 86, 90, 110]   2776
[23, 34, 63, 86, 90, 93]   2744
[23, 34, 85, 86, 90, 93]   3080
[34, 56, 85, 86, 90, 93]   2312
[34, 56, 85, 86, 90, 116]   2448
[23, 34, 63, 85, 90, 93]   2744
[23, 34, 63, 85, 86, 90]   2744
[23, 34, 63, 85, 86, 93]   2848
[23, 34, 36, 63, 85, 86]   2936
[23, 34, 36, 63, 85, 90]   2640
[23, 34, 36, 63, 85, 93]   2744
[1, 34, 36, 85, 90, 110]   2728
[23, 34, 36, 63, 90, 93]   2640
[23, 34, 36, 85, 90, 93]   2976
[1, 34, 36, 85, 86, 90]   3696
[1, 34, 36, 85, 86, 110]   2800
[23, 34, 36, 63, 86, 90]   2640
[23, 34, 36, 63, 86, 93]   2744
[23, 34, 36, 85, 86, 90]   2976
[23, 34, 36, 85, 86, 93]   3080
[1, 34, 36, 86, 90, 110]   2728
[23, 34, 36, 86, 90, 93]   2976
[23, 34, 36, 39, 90, 93]   2720
[23, 34, 36, 39, 86, 90]   2720
[23, 34, 36, 39, 86, 93]   2824
[23, 34, 36, 39, 63, 85]   2680
[23, 34, 36, 39, 63, 86]   2680
[23, 34, 36, 39, 63, 90]   2384
[23, 34, 36, 39, 63, 93]   2488
[23, 34, 36, 39, 85, 86]   3016
[23, 34, 36, 39, 85, 90]   2720
[23, 34, 36, 39, 85, 93]   2824
[23, 34, 36, 39, 59, 63]   2608
[23, 34, 36, 39, 59, 85]   2872
[23, 34, 36, 39, 59, 86]   2872
[23, 34, 36, 39, 59, 90]   2576
[23, 34, 36, 39, 59, 93]   2680
[23, 34, 36, 59, 90, 93]   2832
[23, 34, 36, 59, 86, 90]   2832
[23, 34, 36, 59, 86, 93]   2936
[23, 34, 36, 59, 63, 85]   2864
[23, 34, 36, 59, 63, 86]   2864
[23, 34, 36, 59, 63, 90]   2568
[23, 34, 36, 59, 63, 93]   2672
[23, 34, 36, 59, 85, 86]   3128
[23, 34, 36, 59, 85, 90]   2832
[23, 34, 36, 59, 85, 93]   2936
[34, 36, 76, 85, 86, 90]   2928
[34, 36, 56, 85, 86, 90]   3408
[34, 36, 67, 85, 86, 90]   2960
[23, 36, 59, 63, 90, 93]   2568
[23, 36, 59, 85, 90, 93]   2832
[34, 36, 59, 63, 90, 93]   2760
[34, 36, 59, 85, 90, 93]   3024
[23, 36, 59, 63, 86, 90]   2568
[23, 36, 59, 63, 86, 93]   2672
[23, 36, 59, 85, 86, 90]   2832
[23, 36, 59, 85, 86, 93]   2936
[34, 36, 59, 63, 86, 90]   3192
[34, 36, 59, 63, 86, 93]   2864
[34, 36, 59, 85, 86, 90]   3936
[34, 36, 59, 85, 86, 93]   3128
[23, 36, 59, 63, 85, 86]   2864
[23, 36, 59, 63, 85, 90]   2568
[23, 36, 59, 63, 85, 93]   2672
[34, 36, 59, 63, 85, 86]   3488
[34, 36, 59, 63, 85, 90]   3192
[34, 36, 59, 63, 85, 93]   2864
[23, 36, 59, 86, 90, 93]   2832
[34, 36, 59, 86, 90, 93]   3024
[34, 36, 59, 67, 86, 90]   2352
[34, 36, 59, 67, 85, 86]   2552
[34, 36, 59, 67, 85, 90]   2352
[34, 36, 59, 76, 86, 90]   2352
[34, 36, 59, 76, 85, 86]   2552
[34, 36, 59, 76, 85, 90]   2352
[23, 36, 39, 59, 90, 93]   2576
[34, 36, 39, 59, 90, 93]   2576
[23, 36, 39, 59, 86, 90]   2576
[23, 36, 39, 59, 86, 93]   2680
[34, 36, 39, 59, 86, 90]   2576
[34, 36, 39, 59, 86, 93]   2680
[23, 36, 39, 59, 63, 85]   2608
[23, 36, 39, 59, 63, 86]   2608
[23, 36, 39, 59, 63, 90]   2312
[23, 36, 39, 59, 63, 93]   2416
[23, 36, 39, 59, 85, 86]   2872
[23, 36, 39, 59, 85, 90]   2576
[23, 36, 39, 59, 85, 93]   2680
[34, 36, 39, 59, 63, 85]   2608
[34, 36, 39, 59, 63, 86]   2608
[34, 36, 39, 59, 63, 90]   2312
[34, 36, 39, 59, 63, 93]   2416
[34, 36, 39, 59, 85, 86]   2872
[34, 36, 39, 59, 85, 90]   2576
[34, 36, 39, 59, 85, 93]   2680
[23, 36, 39, 63, 90, 93]   2384
[23, 36, 39, 85, 90, 93]   2720
[34, 36, 39, 63, 90, 93]   2384
[34, 36, 39, 85, 90, 93]   2720
[23, 36, 39, 63, 86, 90]   2384
[23, 36, 39, 63, 86, 93]   2488
[23, 36, 39, 85, 86, 90]   2720
[23, 36, 39, 85, 86, 93]   2824
[34, 36, 39, 63, 86, 90]   2384
[34, 36, 39, 63, 86, 93]   2488
[34, 36, 39, 85, 86, 90]   4016
[34, 36, 39, 85, 86, 93]   2840
[23, 36, 39, 63, 85, 86]   2680
[23, 36, 39, 63, 85, 90]   2384
[23, 36, 39, 63, 85, 93]   2488
[34, 36, 39, 52, 85, 86]   2330
[34, 36, 39, 63, 85, 86]   2680
[34, 36, 39, 63, 85, 90]   2384
[34, 36, 39, 63, 85, 93]   2488
[23, 36, 39, 86, 90, 93]   2720
[34, 36, 39, 86, 90, 93]   2720
[34, 36, 39, 56, 86, 90]   3312
[34, 36, 39, 56, 85, 86]   3432
[34, 36, 39, 56, 85, 90]   3312
[34, 36, 53, 59, 86, 90]   2736
[34, 36, 53, 59, 85, 86]   2736
[34, 36, 53, 59, 85, 90]   2736
[34, 36, 53, 85, 90, 110]   2736
[34, 36, 53, 85, 90, 116]   2304
[34, 36, 53, 63, 86, 90]   2736
[34, 36, 53, 85, 86, 90]   3744
[34, 36, 53, 85, 86, 110]   2736
[34, 36, 53, 85, 86, 116]   2304
[34, 36, 53, 63, 85, 86]   2736
[34, 36, 53, 63, 85, 90]   2736
[34, 36, 53, 86, 90, 110]   2736
[34, 36, 53, 86, 90, 116]   2304
[1, 36, 85, 86, 90, 110]   2728
[23, 36, 63, 86, 90, 93]   2640
[23, 36, 85, 86, 90, 93]   2976
[34, 36, 63, 86, 90, 93]   2832
[34, 36, 85, 86, 90, 93]   3168
[34, 36, 85, 86, 90, 110]   3664
[34, 36, 85, 86, 90, 116]   2912
[23, 36, 63, 85, 90, 93]   2640
[34, 36, 63, 85, 90, 93]   2832
[23, 36, 63, 85, 86, 90]   2640
[23, 36, 63, 85, 86, 93]   2744
[34, 36, 52, 85, 86, 90]   2528
[34, 36, 63, 85, 86, 90]   3696
[34, 36, 63, 85, 86, 93]   2936
[34, 36, 63, 67, 85, 86]   2312
[34, 36, 63, 76, 85, 86]   2312
[34, 63, 76, 85, 86, 90]   2696
[34, 63, 67, 76, 85, 86]   2392
[34, 63, 67, 85, 86, 90]   2720
[23, 63, 85, 86, 90, 93]   2744
[34, 63, 85, 86, 90, 93]   3032
[34, 63, 85, 86, 90, 116]   2304
[34, 53, 76, 85, 86, 90]   2592
[34, 53, 67, 85, 86, 90]   2592
[34, 53, 63, 85, 86, 90]   3216
[34, 53, 85, 86, 90, 94]   2496
[34, 53, 85, 86, 90, 110]   2832
[34, 53, 85, 86, 90, 116]   2400
[34, 53, 59, 63, 86, 90]   2520
[34, 53, 59, 85, 86, 90]   3216
[34, 53, 59, 63, 85, 86]   2520
[34, 53, 59, 63, 85, 90]   2520
[34, 39, 76, 85, 86, 90]   2336
[34, 39, 56, 85, 86, 90]   3312
[34, 39, 67, 85, 86, 90]   2336
[34, 39, 67, 76, 85, 86]   2392
[34, 39, 53, 85, 86, 90]   2784
[23, 39, 63, 85, 90, 93]   2384
[34, 39, 63, 85, 90, 93]   2384
[23, 39, 63, 85, 86, 90]   2384
[23, 39, 63, 85, 86, 93]   2488
[34, 39, 63, 85, 86, 90]   2768
[34, 39, 63, 85, 86, 93]   2632
[23, 39, 63, 86, 90, 93]   2384
[23, 39, 85, 86, 90, 93]   2720
[34, 39, 63, 86, 90, 93]   2384
[34, 39, 85, 86, 90, 93]   2720
[23, 39, 59, 63, 90, 93]   2312
[23, 39, 59, 85, 90, 93]   2576
[34, 39, 59, 63, 90, 93]   2312
[34, 39, 59, 85, 90, 93]   2576
[23, 39, 59, 63, 86, 90]   2312
[23, 39, 59, 63, 86, 93]   2416
[23, 39, 59, 85, 86, 90]   2576
[23, 39, 59, 85, 86, 93]   2680
[34, 39, 59, 63, 86, 90]   2504
[34, 39, 59, 63, 86, 93]   2488
[34, 39, 59, 85, 86, 90]   2960
[34, 39, 59, 85, 86, 93]   2824
[23, 39, 59, 63, 85, 86]   2608
[23, 39, 59, 63, 85, 90]   2312
[23, 39, 59, 63, 85, 93]   2416
[34, 39, 59, 63, 85, 86]   2872
[34, 39, 59, 63, 85, 90]   2504
[34, 39, 59, 63, 85, 93]   2488
[23, 39, 59, 86, 90, 93]   2576
[34, 39, 59, 86, 90, 93]   2576
[34, 59, 76, 85, 86, 90]   2936
[34, 59, 76, 85, 86, 93]   2320
[34, 59, 67, 76, 86, 90]   2336
[34, 59, 67, 76, 85, 86]   2632
[34, 59, 67, 76, 85, 90]   2336
[34, 59, 67, 85, 86, 90]   2960
[34, 59, 67, 85, 86, 93]   2320
[23, 59, 63, 85, 90, 93]   2672
[34, 59, 63, 85, 90, 93]   2960
[23, 59, 63, 85, 86, 90]   2672
[23, 59, 63, 85, 86, 93]   2776
[34, 59, 63, 85, 86, 90]   3596
[34, 59, 63, 85, 86, 93]   3136
[23, 59, 63, 86, 90, 93]   2672
[23, 59, 85, 86, 90, 93]   2936
[34, 59, 63, 86, 90, 93]   2960
[34, 59, 85, 86, 90, 93]   3224
[34, 59, 85, 86, 90, 116]   2352
[34, 59, 63, 67, 85, 86]   2500
[34, 59, 63, 76, 85, 86]   2488
[23, 59, 63, 85, 86, 90, 93]   2672
[34, 59, 63, 85, 86, 90, 93]   2960
[34, 59, 67, 76, 85, 86, 90]   2336
[23, 39, 59, 63, 85, 90, 93]   2312
[34, 39, 59, 63, 85, 90, 93]   2312
[23, 39, 59, 63, 85, 86, 90]   2312
[23, 39, 59, 63, 85, 86, 93]   2416
[34, 39, 59, 63, 85, 86, 90]   2504
[34, 39, 59, 63, 85, 86, 93]   2488
[23, 39, 59, 63, 86, 90, 93]   2312
[23, 39, 59, 85, 86, 90, 93]   2576
[34, 39, 59, 63, 86, 90, 93]   2312
[34, 39, 59, 85, 86, 90, 93]   2576
[23, 39, 63, 85, 86, 90, 93]   2384
[34, 39, 63, 85, 86, 90, 93]   2384
[34, 53, 59, 63, 85, 86, 90]   2520
[23, 36, 63, 85, 86, 90, 93]   2640
[34, 36, 63, 85, 86, 90, 93]   2832
[34, 36, 53, 63, 85, 86, 90]   2736
[34, 36, 53, 85, 86, 90, 110]   2736
[34, 36, 53, 85, 86, 90, 116]   2304
[34, 36, 53, 59, 85, 86, 90]   2736
[34, 36, 39, 56, 85, 86, 90]   3312
[23, 36, 39, 63, 85, 90, 93]   2384
[34, 36, 39, 63, 85, 90, 93]   2384
[23, 36, 39, 63, 85, 86, 90]   2384
[23, 36, 39, 63, 85, 86, 93]   2488
[34, 36, 39, 63, 85, 86, 90]   2384
[34, 36, 39, 63, 85, 86, 93]   2488
[23, 36, 39, 63, 86, 90, 93]   2384
[23, 36, 39, 85, 86, 90, 93]   2720
[34, 36, 39, 63, 86, 90, 93]   2384
[34, 36, 39, 85, 86, 90, 93]   2720
[23, 36, 39, 59, 63, 90, 93]   2312
[23, 36, 39, 59, 85, 90, 93]   2576
[34, 36, 39, 59, 63, 90, 93]   2312
[34, 36, 39, 59, 85, 90, 93]   2576
[23, 36, 39, 59, 63, 86, 90]   2312
[23, 36, 39, 59, 63, 86, 93]   2416
[23, 36, 39, 59, 85, 86, 90]   2576
[23, 36, 39, 59, 85, 86, 93]   2680
[34, 36, 39, 59, 63, 86, 90]   2312
[34, 36, 39, 59, 63, 86, 93]   2416
[34, 36, 39, 59, 85, 86, 90]   2576
[34, 36, 39, 59, 85, 86, 93]   2680
[23, 36, 39, 59, 63, 85, 86]   2608
[23, 36, 39, 59, 63, 85, 90]   2312
[23, 36, 39, 59, 63, 85, 93]   2416
[34, 36, 39, 59, 63, 85, 86]   2608
[34, 36, 39, 59, 63, 85, 90]   2312
[34, 36, 39, 59, 63, 85, 93]   2416
[23, 36, 39, 59, 86, 90, 93]   2576
[34, 36, 39, 59, 86, 90, 93]   2576
[34, 36, 59, 76, 85, 86, 90]   2352
[34, 36, 59, 67, 85, 86, 90]   2352
[23, 36, 59, 63, 85, 90, 93]   2568
[34, 36, 59, 63, 85, 90, 93]   2760
[23, 36, 59, 63, 85, 86, 90]   2568
[23, 36, 59, 63, 85, 86, 93]   2672
[34, 36, 59, 63, 85, 86, 90]   3192
[34, 36, 59, 63, 85, 86, 93]   2864
[23, 36, 59, 63, 86, 90, 93]   2568
[23, 36, 59, 85, 86, 90, 93]   2832
[34, 36, 59, 63, 86, 90, 93]   2760
[34, 36, 59, 85, 86, 90, 93]   3024
[23, 34, 36, 59, 63, 90, 93]   2568
[23, 34, 36, 59, 85, 90, 93]   2832
[23, 34, 36, 59, 63, 86, 90]   2568
[23, 34, 36, 59, 63, 86, 93]   2672
[23, 34, 36, 59, 85, 86, 90]   2832
[23, 34, 36, 59, 85, 86, 93]   2936
[23, 34, 36, 59, 63, 85, 86]   2864
[23, 34, 36, 59, 63, 85, 90]   2568
[23, 34, 36, 59, 63, 85, 93]   2672
[23, 34, 36, 59, 86, 90, 93]   2832
[23, 34, 36, 39, 59, 90, 93]   2576
[23, 34, 36, 39, 59, 86, 90]   2576
[23, 34, 36, 39, 59, 86, 93]   2680
[23, 34, 36, 39, 59, 63, 85]   2608
[23, 34, 36, 39, 59, 63, 86]   2608
[23, 34, 36, 39, 59, 63, 90]   2312
[23, 34, 36, 39, 59, 63, 93]   2416
[23, 34, 36, 39, 59, 85, 86]   2872
[23, 34, 36, 39, 59, 85, 90]   2576
[23, 34, 36, 39, 59, 85, 93]   2680
[23, 34, 36, 39, 63, 90, 93]   2384
[23, 34, 36, 39, 85, 90, 93]   2720
[23, 34, 36, 39, 63, 86, 90]   2384
[23, 34, 36, 39, 63, 86, 93]   2488
[23, 34, 36, 39, 85, 86, 90]   2720
[23, 34, 36, 39, 85, 86, 93]   2824
[23, 34, 36, 39, 63, 85, 86]   2680
[23, 34, 36, 39, 63, 85, 90]   2384
[23, 34, 36, 39, 63, 85, 93]   2488
[23, 34, 36, 39, 86, 90, 93]   2720
[1, 34, 36, 85, 86, 90, 110]   2728
[23, 34, 36, 63, 86, 90, 93]   2640
[23, 34, 36, 85, 86, 90, 93]   2976
[23, 34, 36, 63, 85, 90, 93]   2640
[23, 34, 36, 63, 85, 86, 90]   2640
[23, 34, 36, 63, 85, 86, 93]   2744
[23, 34, 63, 85, 86, 90, 93]   2744
[23, 34, 39, 63, 85, 90, 93]   2384
[23, 34, 39, 63, 85, 86, 90]   2384
[23, 34, 39, 63, 85, 86, 93]   2488
[23, 34, 39, 63, 86, 90, 93]   2384
[23, 34, 39, 85, 86, 90, 93]   2720
[23, 34, 39, 59, 63, 90, 93]   2312
[23, 34, 39, 59, 85, 90, 93]   2576
[23, 34, 39, 59, 63, 86, 90]   2312
[23, 34, 39, 59, 63, 86, 93]   2416
[23, 34, 39, 59, 85, 86, 90]   2576
[23, 34, 39, 59, 85, 86, 93]   2680
[23, 34, 39, 59, 63, 85, 86]   2608
[23, 34, 39, 59, 63, 85, 90]   2312
[23, 34, 39, 59, 63, 85, 93]   2416
[23, 34, 39, 59, 86, 90, 93]   2576
[23, 34, 59, 63, 85, 90, 93]   2672
[23, 34, 59, 63, 85, 86, 90]   2672
[23, 34, 59, 63, 85, 86, 93]   2776
[23, 34, 59, 63, 86, 90, 93]   2672
[23, 34, 59, 85, 86, 90, 93]   2936
[1, 24, 34, 85, 86, 90, 110]   2504
[1, 24, 34, 36, 85, 90, 110]   2456
[1, 24, 34, 36, 85, 86, 90]   3152
[1, 24, 34, 36, 85, 86, 110]   2456
[1, 24, 34, 36, 86, 90, 110]   2456
[1, 24, 36, 85, 86, 90, 110]   2456
[2, 59, 63, 85, 86, 90, 93]   2432
[2, 36, 39, 63, 85, 90, 93]   2432
[2, 36, 39, 85, 86, 90, 93]   2432
[2, 36, 39, 59, 63, 90, 93]   2432
[2, 36, 39, 59, 85, 90, 93]   2624
[2, 36, 39, 59, 85, 86, 90]   2432
[2, 36, 39, 59, 85, 86, 93]   2464
[2, 36, 39, 59, 63, 85, 86]   2464
[2, 36, 39, 59, 63, 85, 90]   2432
[2, 36, 39, 59, 63, 85, 93]   2464
[2, 36, 39, 59, 86, 90, 93]   2432
[2, 36, 59, 63, 85, 90, 93]   2528
[2, 36, 59, 63, 85, 86, 90]   2336
[2, 36, 59, 63, 85, 86, 93]   2368
[2, 36, 59, 63, 86, 90, 93]   2336
[2, 36, 59, 85, 86, 90, 93]   2528
[2, 36, 63, 85, 86, 90, 93]   2336
[2, 28, 34, 59, 63, 85, 86]   2324
[2, 28, 34, 53, 85, 86, 90]   2496
[2, 28, 34, 39, 53, 86, 90]   2496
[2, 28, 34, 39, 53, 85, 86]   2496
[2, 28, 34, 39, 53, 85, 90]   2496
[2, 28, 34, 39, 59, 85, 86]   2480
[2, 28, 34, 39, 85, 86, 90]   2496
[2, 28, 34, 39, 63, 85, 86]   2480
[2, 28, 39, 53, 85, 86, 90]   2496
[2, 39, 59, 63, 85, 90, 93]   2432
[2, 39, 59, 63, 85, 86, 90]   2432
[2, 39, 59, 63, 85, 86, 93]   2344
[2, 39, 59, 85, 86, 90, 93]   2432
[2, 23, 34, 63, 85, 90, 93]   2336
[2, 23, 34, 63, 85, 86, 90]   2336
[2, 23, 34, 63, 85, 86, 93]   2368
[2, 23, 34, 63, 86, 90, 93]   2336
[2, 23, 34, 85, 86, 90, 93]   2528
[2, 23, 34, 59, 63, 90, 93]   2336
[2, 23, 34, 59, 85, 90, 93]   2528
[2, 23, 34, 59, 63, 86, 90]   2336
[2, 23, 34, 59, 63, 86, 93]   2368
[2, 23, 34, 59, 85, 86, 90]   2528
[2, 23, 34, 59, 85, 86, 93]   2560
[2, 23, 34, 59, 63, 85, 86]   2560
[2, 23, 34, 59, 63, 85, 90]   2336
[2, 23, 34, 59, 63, 85, 93]   2368
[2, 23, 34, 59, 86, 90, 93]   2528
[2, 23, 34, 39, 59, 90, 93]   2432
[2, 23, 34, 39, 59, 86, 90]   2432
[2, 23, 34, 39, 59, 86, 93]   2464
[2, 23, 34, 39, 59, 63, 85]   2464
[2, 23, 34, 39, 59, 63, 86]   2464
[2, 23, 34, 39, 59, 85, 86]   2656
[2, 23, 34, 39, 59, 85, 90]   2432
[2, 23, 34, 39, 59, 85, 93]   2464
[2, 23, 34, 39, 85, 90, 93]   2432
[2, 23, 34, 39, 85, 86, 90]   2432
[2, 23, 34, 39, 85, 86, 93]   2464
[2, 23, 34, 39, 63, 85, 86]   2464
[2, 23, 34, 39, 86, 90, 93]   2432
[2, 23, 34, 36, 39, 90, 93]   2432
[2, 23, 34, 36, 39, 86, 90]   2432
[2, 23, 34, 36, 39, 86, 93]   2464
[2, 23, 34, 36, 39, 63, 85]   2464
[2, 23, 34, 36, 39, 63, 86]   2464
[2, 23, 34, 36, 39, 85, 86]   2656
[2, 23, 34, 36, 39, 85, 90]   2432
[2, 23, 34, 36, 39, 85, 93]   2464
[2, 23, 34, 36, 39, 59, 63]   2464
[2, 23, 34, 36, 39, 59, 85]   2656
[2, 23, 34, 36, 39, 59, 86]   2656
[2, 23, 34, 36, 39, 59, 90]   2432
[2, 23, 34, 36, 39, 59, 93]   2464
[2, 23, 34, 36, 59, 90, 93]   2432
[2, 23, 34, 36, 59, 86, 90]   2432
[2, 23, 34, 36, 59, 86, 93]   2464
[2, 23, 34, 36, 59, 63, 85]   2464
[2, 23, 34, 36, 59, 63, 86]   2464
[2, 23, 34, 36, 59, 85, 86]   2656
[2, 23, 34, 36, 59, 85, 90]   2432
[2, 23, 34, 36, 59, 85, 93]   2464
[2, 23, 34, 36, 85, 90, 93]   2432
[2, 23, 34, 36, 85, 86, 90]   2432
[2, 23, 34, 36, 85, 86, 93]   2464
[2, 23, 34, 36, 63, 85, 86]   2464
[2, 23, 34, 36, 86, 90, 93]   2432
[2, 34, 36, 63, 85, 90, 93]   2336
[2, 34, 36, 63, 85, 86, 90]   2336
[2, 34, 36, 63, 85, 86, 93]   2368
[2, 23, 36, 85, 86, 90, 93]   2432
[2, 34, 36, 63, 86, 90, 93]   2336
[2, 34, 36, 85, 86, 90, 93]   2528
[24, 34, 36, 85, 86, 90, 110]   2528
[2, 23, 36, 59, 85, 90, 93]   2432
[2, 34, 36, 59, 63, 90, 93]   2336
[2, 34, 36, 59, 85, 90, 93]   2528
[2, 23, 36, 59, 85, 86, 90]   2432
[2, 23, 36, 59, 85, 86, 93]   2464
[2, 34, 36, 59, 63, 86, 90]   2336
[2, 34, 36, 59, 63, 86, 93]   2368
[2, 34, 36, 59, 85, 86, 90]   2576
[2, 34, 36, 59, 85, 86, 93]   2560
[2, 23, 36, 59, 63, 85, 86]   2464
[2, 34, 36, 59, 63, 85, 86]   2560
[2, 34, 36, 59, 63, 85, 90]   2336
[2, 34, 36, 59, 63, 85, 93]   2368
[2, 23, 36, 59, 86, 90, 93]   2432
[2, 34, 36, 59, 86, 90, 93]   2528
[2, 23, 36, 39, 59, 90, 93]   2432
[2, 34, 36, 39, 59, 90, 93]   2432
[2, 23, 36, 39, 59, 86, 90]   2432
[2, 23, 36, 39, 59, 86, 93]   2464
[2, 34, 36, 39, 59, 86, 90]   2432
[2, 34, 36, 39, 59, 86, 93]   2464
[2, 23, 36, 39, 59, 63, 85]   2464
[2, 23, 36, 39, 59, 63, 86]   2464
[2, 23, 36, 39, 59, 85, 86]   2656
[2, 23, 36, 39, 59, 85, 90]   2432
[2, 23, 36, 39, 59, 85, 93]   2464
[2, 34, 36, 39, 59, 63, 85]   2464
[2, 34, 36, 39, 59, 63, 86]   2464
[2, 34, 36, 39, 59, 85, 86]   2656
[2, 34, 36, 39, 59, 85, 90]   2432
[2, 34, 36, 39, 59, 85, 93]   2464
[2, 23, 36, 39, 85, 90, 93]   2432
[2, 34, 36, 39, 85, 90, 93]   2432
[2, 23, 36, 39, 85, 86, 90]   2432
[2, 23, 36, 39, 85, 86, 93]   2464
[2, 34, 36, 39, 85, 86, 90]   2432
[2, 34, 36, 39, 85, 86, 93]   2480
[2, 23, 36, 39, 63, 85, 86]   2464
[2, 34, 36, 39, 63, 85, 86]   2464
[2, 23, 36, 39, 86, 90, 93]   2432
[2, 34, 36, 39, 86, 90, 93]   2432
[2, 34, 39, 53, 85, 86, 90]   2496
[2, 34, 39, 63, 85, 86, 90]   2624
[2, 34, 39, 63, 85, 86, 93]   2416
[2, 23, 39, 85, 86, 90, 93]   2432
[2, 34, 39, 85, 86, 90, 93]   2432
[2, 23, 39, 59, 85, 90, 93]   2432
[2, 34, 39, 59, 85, 90, 93]   2432
[2, 23, 39, 59, 85, 86, 90]   2432
[2, 23, 39, 59, 85, 86, 93]   2464
[2, 34, 39, 59, 63, 86, 90]   2432
[2, 34, 39, 59, 63, 86, 93]   2344
[2, 34, 39, 59, 85, 86, 90]   2816
[2, 34, 39, 59, 85, 86, 93]   2608
[2, 23, 39, 59, 63, 85, 86]   2464
[2, 34, 39, 59, 63, 85, 86]   2728
[2, 34, 39, 59, 63, 85, 90]   2432
[2, 34, 39, 59, 63, 85, 93]   2344
[2, 23, 39, 59, 86, 90, 93]   2432
[2, 34, 39, 59, 86, 90, 93]   2432
[2, 23, 59, 63, 85, 90, 93]   2336
[2, 34, 59, 63, 85, 90, 93]   2432
[2, 23, 59, 63, 85, 86, 90]   2336
[2, 23, 59, 63, 85, 86, 93]   2368
[2, 34, 59, 63, 85, 86, 90]   2636
[2, 34, 59, 63, 85, 86, 93]   2536
[2, 23, 59, 63, 86, 90, 93]   2336
[2, 23, 59, 85, 86, 90, 93]   2528
[2, 34, 59, 63, 86, 90, 93]   2432
[2, 34, 59, 85, 86, 90, 93]   2624
[2, 23, 63, 85, 86, 90, 93]   2336
[2, 34, 63, 85, 86, 90, 93]   2432
[24, 34, 53, 85, 86, 90, 94]   2496
[36, 59, 63, 85, 86, 90, 93]   2760
[36, 39, 63, 85, 86, 90, 93]   2384
[36, 39, 59, 63, 85, 90, 93]   2504
[36, 39, 59, 63, 85, 86, 90]   2312
[36, 39, 59, 63, 85, 86, 93]   2416
[36, 39, 59, 63, 86, 90, 93]   2312
[36, 39, 59, 85, 86, 90, 93]   2576
[39, 59, 63, 85, 86, 90, 93]   2312
[28, 34, 39, 53, 85, 86, 90]   2496
[36, 39, 59, 63, 85, 86, 90, 93]   2312
[2, 23, 59, 63, 85, 86, 90, 93]   2336
[2, 34, 59, 63, 85, 86, 90, 93]   2432
[2, 34, 39, 59, 63, 85, 86, 90]   2432
[2, 34, 39, 59, 63, 85, 86, 93]   2344
[2, 23, 39, 59, 85, 86, 90, 93]   2432
[2, 34, 39, 59, 85, 86, 90, 93]   2432
[2, 23, 36, 39, 85, 86, 90, 93]   2432
[2, 34, 36, 39, 85, 86, 90, 93]   2432
[2, 23, 36, 39, 59, 85, 90, 93]   2432
[2, 34, 36, 39, 59, 85, 90, 93]   2432
[2, 23, 36, 39, 59, 85, 86, 90]   2432
[2, 23, 36, 39, 59, 85, 86, 93]   2464
[2, 34, 36, 39, 59, 85, 86, 90]   2432
[2, 34, 36, 39, 59, 85, 86, 93]   2464
[2, 23, 36, 39, 59, 63, 85, 86]   2464
[2, 34, 36, 39, 59, 63, 85, 86]   2464
[2, 23, 36, 39, 59, 86, 90, 93]   2432
[2, 34, 36, 39, 59, 86, 90, 93]   2432
[2, 34, 36, 59, 63, 85, 90, 93]   2336
[2, 34, 36, 59, 63, 85, 86, 90]   2336
[2, 34, 36, 59, 63, 85, 86, 93]   2368
[2, 23, 36, 59, 85, 86, 90, 93]   2432
[2, 34, 36, 59, 63, 86, 90, 93]   2336
[2, 34, 36, 59, 85, 86, 90, 93]   2528
[2, 34, 36, 63, 85, 86, 90, 93]   2336
[2, 23, 34, 36, 85, 86, 90, 93]   2432
[2, 23, 34, 36, 59, 85, 90, 93]   2432
[2, 23, 34, 36, 59, 85, 86, 90]   2432
[2, 23, 34, 36, 59, 85, 86, 93]   2464
[2, 23, 34, 36, 59, 63, 85, 86]   2464
[2, 23, 34, 36, 59, 86, 90, 93]   2432
[2, 23, 34, 36, 39, 59, 90, 93]   2432
[2, 23, 34, 36, 39, 59, 86, 90]   2432
[2, 23, 34, 36, 39, 59, 86, 93]   2464
[2, 23, 34, 36, 39, 59, 63, 85]   2464
[2, 23, 34, 36, 39, 59, 63, 86]   2464
[2, 23, 34, 36, 39, 59, 85, 86]   2656
[2, 23, 34, 36, 39, 59, 85, 90]   2432
[2, 23, 34, 36, 39, 59, 85, 93]   2464
[2, 23, 34, 36, 39, 85, 90, 93]   2432
[2, 23, 34, 36, 39, 85, 86, 90]   2432
[2, 23, 34, 36, 39, 85, 86, 93]   2464
[2, 23, 34, 36, 39, 63, 85, 86]   2464
[2, 23, 34, 36, 39, 86, 90, 93]   2432
[2, 23, 34, 39, 85, 86, 90, 93]   2432
[2, 23, 34, 39, 59, 85, 90, 93]   2432
[2, 23, 34, 39, 59, 85, 86, 90]   2432
[2, 23, 34, 39, 59, 85, 86, 93]   2464
[2, 23, 34, 39, 59, 63, 85, 86]   2464
[2, 23, 34, 39, 59, 86, 90, 93]   2432
[2, 23, 34, 59, 63, 85, 90, 93]   2336
[2, 23, 34, 59, 63, 85, 86, 90]   2336
[2, 23, 34, 59, 63, 85, 86, 93]   2368
[2, 23, 34, 59, 63, 86, 90, 93]   2336
[2, 23, 34, 59, 85, 86, 90, 93]   2528
[2, 23, 34, 63, 85, 86, 90, 93]   2336
[2, 28, 34, 39, 53, 85, 86, 90]   2496
[2, 36, 59, 63, 85, 86, 90, 93]   2336
[2, 36, 39, 59, 63, 85, 90, 93]   2432
[2, 36, 39, 59, 85, 86, 90, 93]   2432
[1, 24, 34, 36, 85, 86, 90, 110]   2456
[23, 34, 59, 63, 85, 86, 90, 93]   2672
[23, 34, 39, 59, 63, 85, 90, 93]   2312
[23, 34, 39, 59, 63, 85, 86, 90]   2312
[23, 34, 39, 59, 63, 85, 86, 93]   2416
[23, 34, 39, 59, 63, 86, 90, 93]   2312
[23, 34, 39, 59, 85, 86, 90, 93]   2576
[23, 34, 39, 63, 85, 86, 90, 93]   2384
[23, 34, 36, 63, 85, 86, 90, 93]   2640
[23, 34, 36, 39, 63, 85, 90, 93]   2384
[23, 34, 36, 39, 63, 85, 86, 90]   2384
[23, 34, 36, 39, 63, 85, 86, 93]   2488
[23, 34, 36, 39, 63, 86, 90, 93]   2384
[23, 34, 36, 39, 85, 86, 90, 93]   2720
[23, 34, 36, 39, 59, 63, 90, 93]   2312
[23, 34, 36, 39, 59, 85, 90, 93]   2576
[23, 34, 36, 39, 59, 63, 86, 90]   2312
[23, 34, 36, 39, 59, 63, 86, 93]   2416
[23, 34, 36, 39, 59, 85, 86, 90]   2576
[23, 34, 36, 39, 59, 85, 86, 93]   2680
[23, 34, 36, 39, 59, 63, 85, 86]   2608
[23, 34, 36, 39, 59, 63, 85, 90]   2312
[23, 34, 36, 39, 59, 63, 85, 93]   2416
[23, 34, 36, 39, 59, 86, 90, 93]   2576
[23, 34, 36, 59, 63, 85, 90, 93]   2568
[23, 34, 36, 59, 63, 85, 86, 90]   2568
[23, 34, 36, 59, 63, 85, 86, 93]   2672
[23, 34, 36, 59, 63, 86, 90, 93]   2568
[23, 34, 36, 59, 85, 86, 90, 93]   2832
[23, 36, 59, 63, 85, 86, 90, 93]   2568
[34, 36, 59, 63, 85, 86, 90, 93]   2760
[23, 36, 39, 59, 63, 85, 90, 93]   2312
[34, 36, 39, 59, 63, 85, 90, 93]   2312
[23, 36, 39, 59, 63, 85, 86, 90]   2312
[23, 36, 39, 59, 63, 85, 86, 93]   2416
[34, 36, 39, 59, 63, 85, 86, 90]   2312
[34, 36, 39, 59, 63, 85, 86, 93]   2416
[23, 36, 39, 59, 63, 86, 90, 93]   2312
[23, 36, 39, 59, 85, 86, 90, 93]   2576
[34, 36, 39, 59, 63, 86, 90, 93]   2312
[34, 36, 39, 59, 85, 86, 90, 93]   2576
[23, 36, 39, 63, 85, 86, 90, 93]   2384
[34, 36, 39, 63, 85, 86, 90, 93]   2384
[23, 39, 59, 63, 85, 86, 90, 93]   2312
[34, 39, 59, 63, 85, 86, 90, 93]   2312
[23, 36, 39, 59, 63, 85, 86, 90, 93]   2312
[34, 36, 39, 59, 63, 85, 86, 90, 93]   2312
[23, 34, 36, 59, 63, 85, 86, 90, 93]   2568
[23, 34, 36, 39, 59, 63, 85, 90, 93]   2312
[23, 34, 36, 39, 59, 63, 85, 86, 90]   2312
[23, 34, 36, 39, 59, 63, 85, 86, 93]   2416
[23, 34, 36, 39, 59, 63, 86, 90, 93]   2312
[23, 34, 36, 39, 59, 85, 86, 90, 93]   2576
[23, 34, 36, 39, 63, 85, 86, 90, 93]   2384
[23, 34, 39, 59, 63, 85, 86, 90, 93]   2312
[2, 23, 34, 59, 63, 85, 86, 90, 93]   2336
[2, 23, 34, 39, 59, 85, 86, 90, 93]   2432
[2, 23, 34, 36, 39, 85, 86, 90, 93]   2432
[2, 23, 34, 36, 39, 59, 85, 90, 93]   2432
[2, 23, 34, 36, 39, 59, 85, 86, 90]   2432
[2, 23, 34, 36, 39, 59, 85, 86, 93]   2464
[2, 23, 34, 36, 39, 59, 63, 85, 86]   2464
[2, 23, 34, 36, 39, 59, 86, 90, 93]   2432
[2, 23, 34, 36, 59, 85, 86, 90, 93]   2432
[2, 34, 36, 59, 63, 85, 86, 90, 93]   2336
[2, 23, 36, 39, 59, 85, 86, 90, 93]   2432
[2, 34, 36, 39, 59, 85, 86, 90, 93]   2432
[2, 23, 34, 36, 39, 59, 85, 86, 90, 93]   2432
[23, 34, 36, 39, 59, 63, 85, 86, 90, 93]   2312
